
0.728696
0.265585
0.695216
0.288894
0.825498
0.718811
0.588059
0.985511
0.942831
0.725638
0.81336
0.906719
0.740741
0.883047
0.888242
0.586789
0.865137
0.902166
0.642719
0.73591
0.504896
0.687299
0.716735
0.80861
0.799315
0.669959
0.846361
0.785169
0.815917
0.773376
0.771129
0.729743
0.727372
0.70107
0.717186
0.666245
0.786048
0.709644
0.670026
0.711219
0.703167
0.269047
0.554052
0.727964
0.502141
0.564381
0.735008
0.736916
0.72504
0.806942
0.695775
0.810738
0.698335
0.666329
0.743472
0.880296
0.288959
0.21145
0.663458
0.414633
0.525026
0.387282
0.437373
0.188358
0.398825
0.559009
0.365138
0.23997
0.304266
0.398055
0.115436
0.226646
0.252552
0.247129
0.274588
0.406204
0.20244
0.175204
0.297683
0.341233
0.322657
0.245775
0.301352
0.237912
0.233444
0.247995
0.262528
0.264916
0.257373
0.200064
0.201183
0.144693
0.19129
0.184557
0.25563
0.354878
0.213901
0.153365
0.173625
0.194778