
4.22936
1.06774
4.08503
1.07209
4.45052
3.12957
4.59167
4.97373
1.50727
3.27363
2.49853
2.24947
3.05121
3.22971
2.99049
2.76792
3.75674
0.993702
1.16338
3.87276
2.71461
3.39931
2.4039
2.35412
1.02333
0.996342
1.00504
1.05386
1.05005
0.993432
0.933108
1.08338
1.18911
1.10751
1.02704
1.0301
0.90849
2.17571
0.946512
0.790204
0.88826
1.57577
2.61409
0.932426
1.49658
3.74344
3.44828
1.0075
0.92031
0.958879
0.984039
1.02264
1.19917
2.05439
0.936578
1.01111
1.20579
2.86081
1.29057
3.56335
1.36335
2.08188
0.598047
2.16528
0.486623
1.72297
1.64825
2.62009
2.57895
1.40375
0.522716
1.57193
0.85655
1.51167
0.957905
1.02646
0.896547
1.36262
1.36534
0.945173
0.75475
0.445803
0.485317
0.380181
0.339743
0.794807
0.658396
0.699489
0.442215
0.91813
0.930663
1.24221
1.27747
1.34248
0.702002
1.05989
1.31313
1.06709
0.906666
0.982526