
0.126
0.124
0.109
0.092
0.052
0.124
0.109
0.125
0.144
0.156
0.115
0.145
0.141
0.048
0.107
0.15
0.099
0.128
0.057
0.118
0.131
0.149
0.132
0.117
0.172
0.143
0.114
0.13
0.127
0.122
0.125
0.13
0.131
0.11
0.14
0.135
0.141
0.125
0.134
0.075
0.117
0.04
0.062
0.121
0.156
0.147
0.129
0.139
0.14
0.095
0.113
0.126
0.163
0.083
0.082
0.057
0.097
0.083
0.159
0.07
0.074
0.164
0.098
0.06
0.094
0.095
0.152
0.052
0.061
0.106
0.112
0.123
0.105
0.118
0.099
0.093
0.096
0.087
0.114
0.109
0.094
0.069
0.066
0.086
0.08
0.112
0.11
0.082
0.072
0.083
0.075