
3.04947
3.00647
3.05537
3.04351
3.03263
3.03263
3.02378
3.01373
2.94792
2.93869
2.91698
2.90538
2.89386
2.88203
2.87755
2.7799
2.76777
2.75049
2.72653
4.58249
4.58247
4.58834
4.58834
4.58834
4.58834
2.15941
2.15941
2.08226
2.11385
2.10872
2.08639
2.08639
2.05251
2.02402
2.00477
1.96156
1.9456
1.94921
1.92122
1.88803
1.8578
1.81307
1.79912
1.74819
1.70581
1.70581
1.687
1.70455
1.68132
1.65243
1.65243
1.62824
1.62136
1.60734
1.59503
1.58363
1.57192
1.54768
1.51806
1.53389
1.47087
1.43546
1.34734
1.34734
1.3563
1.33316
1.33316
1.31234
1.2899
1.27869
1.26692
1.26256
1.2471
1.2471
1.23848
1.21382
1.20712
1.20088
1.19135
1.18312
1.18139
1.18083
1.18044
1.18039
1.18127
1.18127
1.18856
1.19393
1.19393
1.20059
1.20059
1.2097
1.2097
1.21994
1.21994
1.2323
1.2323
1.28114
1.24221
1.24221
1.29587
1.34287
1.3512
1.37312
1.35435
1.31624
1.32525
1.31511
1.48415
1.54317