
0.006185
0.022774
0.007361
0.013737
0.01005
0.013517
0.022737
0.015789
0.018325
0.018716
0.005667
0.017633
0.018881
0.008279
0.002271
0.013597
0.007569
0.011839
0.009138
0.005767
0.008934
0.007892
0.006404
0.012952
0.001664
0.019388
0.002358
0.008049
0.011466
0.002832
0.014955
0.001856
0.017327
0.009077
0.004427
0.020888
0.022313
0.011968
0.001971
0.017358
0.00472
0.004985
0.033559
0.010534
0.019125
0.014891
0.014115
0.021414
0.028158
0.024653
0.023908
0.017627
0.007061
0.013381
0.013197
0.014289
0.009219
0.024811
0.008793
0.01056
0.014923
0.009867
0.00968
0.011214
0.017376
0.003615
0.001611
0.01801
0.007402
0.020965
0.019108
0.013171
0.009282
0.015399
0.00621
0.00728
0.007793
0.002538
0.004473
0.029169
0.007093
0.017737
0.017409
0.007116
0.01172
0.012362
0.010424
0.009157
0.011735
0.004701
0.02879
0.008809
0.006913
0.007226
0.003554
0.009464
0.017715
0.002337
0.006227
0.005713
0.003912
0.004
0.009375
0.012121
0.017873
0.003427
0.002284
0.006225
0.008834
0.004785
0.009164
0.006102
0.013012
0.01251
0.014772
0.01595
0.015908
0.010853
0.019115
0.013389
0.007542
0.017043
0.008264
0.006411
0.01471
0.010144
0.007147
0.013601
0.01462
0.00688
0.007973
0.016319
0.013399
0.019308
0.009833
0.010542
0.007676
0.003983
0.014359
0.01429
0.00923
0.013257
0.007027
0.006004
0.002031
0.006137
0.008467
0.010604
0.007474
0.005775
0.016495
0.007901
0.002851
0.013486
0.004875
0.009098
0.004431
0.008621
0.020876
0.006661
0.002193
0.005613
0.006392
0.005213
0.00372
0.009147
0.004718
0.019006
0.004313
0.007201
0.013403
0.011803
0.012507
0.017987
0.003603
0.006685
0.001942
0.002234
0.003619
0.010392
0.008052
0.018984
0.011649
0.04071
0.003189
0.003369
0.007316
0.009195
0.005558
0.028185
0.002756
0.01864
0.009443
0.009397
0.019727
0.022236
0.013256
0.01027
0.003446
0.007246
0.009446
0.005756
0.006278
0.011801
0.011224
0.007464
0.011194
0.005779
0.028592
0.010827
0.01078
0.008978
0.008244
0.007215
0.015951
0.035358
0.005734
0.004989
0.018429
0.00215
0.02392
0.018959
0.003198
0.016051
0.020253
0.014356
0.006031
0.021505
0.010238
0.005591
0.011001
0.00304
0.003024
0.005653
0.007618
0.006333
0.035296
0.003696
0.010558
0.006867
0.019919
0.013488
0.016552
0.015363
0.00698
0.015005
0.007819
0.009992
0.008206
0.005391
0.005831
0.007059
0.009573
0.010487
0.006785
0.01257
0.007936
0.006558
0.01368
0.002818
0.00562
0.014531
0.032708
0.005183
0.019315
0.010826
0.00698
0.003651
0.006437
0.006501
0.004434
0.010422
0.008748
0.009663
0.004777
0.005538
0.007559
0.00585
0.003096
0.007465
0.008621
0.009982
0.011592
0.010546
0.011526
0.006551
0.009125
0.006923
0.008965
0.015584
0.01043
0.015476
0.009809
0.015994
0.011336
0.002229
0.010567
0.005201
0.017141
0.017099
0.010023
0.017522
0.002319
0.007509
0.005478
0.007084
0.002536
0.013915
0.003194
0.014627
0.00554
0.017233
0.008415
0.003481
0.007288
0.010219
0.006964
0.005319
0.008151
0.002973
0.020425
0.011181
0.006492
0.004609
0.024893
0.008932
0.019525
0.006124
0.010122
0.003836
0.021124
0.021738
0.01195
0.00925
0.020976
0.008191
0.009425
0.019576
0.006115
0.007374
0.011175
0.017328
0.004798
0.012206
0.006259
0.002815
0.003375
0.007169
0.018606
0.027055
0.00622
0.011936
0.020387
0.010028
0.004657
0.005235
0.011995
0.011652
0.002653
0.020494
0.020585
0.007079
0.020869
0.003316
0.001901
0.009455
0.006122
0.005009
0.003743
0.001678
0.004958
0.031349
0.006259
0.018961
0.006427
0.007797
0.006655
0.01174
0.019235
0.010229
0.008295
0.00229
0.005106
0.005328
0.007589
0.006605
0.005665
0.007045
0.009486
0.00325
0.005199
0.002284
0.017229
0.0049
0.009232
0.00574
0.01025
0.008242
0.006545
0.011462
0.012184
0.009524
0.005862
0.004416
0.023262
0.008379
0.011244
0.017607
0.008186
0.005878
0.012333
0.00745
0.002486
0.01314
0.013707
0.009651
0.005645
0.00475
0.002574
0.007538
0.015408
0.007876
0.011854
0.029147
0.024825
0.017898
0.006178
0.004506
0.00292
0.002991
0.00329
0.003966
0.007315
0.00209
0.013141
0.002414
0.00471
0.001869
0.004789
0.003026
0.001521
0.005412
0.001794
0.002462
0.002445
0.001962
0.019076
0.004517
0.002363
0.00275
0.011321
0.008048
0.00814
0.009899
0.015602
0.020706
0.002312
0.002395
0.007113
0.005603
0.002569
0.010297
0.002278
0.002262
0.00173
0.003478
0.007206
0.004405
0.004801
0.003442
0.001628
0.002034
0.005573
0.011115
0.002225
0.00191
0.004476
0.00818
0.001596
0.00487
0.00568
0.006364
0.00359
0.006306
0.003515
0.002817
0.009186
0.002034
0.00356
0.009734
0.012206
0.001948
0.00253
0.007197
0.007348
0.013486
0.002385
0.00721
0.004831
0.0057
0.00722
0.005331
0.003469
0.004691
0.003382
0.008837
0.00189
0.009974
0.008144
0.014193
0.009933
0.007516
0.00741
0.006855
0.001727
0.003167
0.003573
0.002405
0.003499
0.001823
0.002724
0.001486
0.001501
0.001428
0.001674
0.001854
0.004209
0.012215
0.008151
0.005317
0.005078
0.005483
0.006666
0.002567
0.002613
0.006649
0.009663
0.002264
0.007071
0.006072
0.005966
0.002532
0.009297
0.00198
0.004126
0.00158
0.001616
0.002104
0.001714
0.002154
0.005854
0.00421
0.0021
0.001407
0.001535
0.001742
0.00146
0.001636
0.001809
0.001931
0.002126
0.001837
0.001931
0.015084
0.012489
0.004756
0.002146
0.001995
0.002803
0.001762
0.001613
0.001924
0.001535
0.002116
0.001805
0.002086
0.001865
0.001542
0.002035
0.004336
0.004472
0.001486
0.001612
0.001555
0.00184
0.001765
0.001691
0.001493
0.00175
0.002025
0.00159
0.005281
0.001664
0.006554
0.001946
0.001428
0.001552
0.001662
0.002786
0.001448
0.001423
0.001677
0.005604
0.001729
0.007176
0.001748
0.001708
0.001937
0.001583
0.001595
0.001608
0.001666
0.00145
0.001764
0.005829
0.005287
0.001547
0.001507
0.001854
0.001643
0.001833
0.001563
0.001378
0.008444
0.009636
0.001839
0.001426
0.00191
0.002066
0.001685
0.002006
0.001735
0.001596
0.001533
0.001602
0.004796
0.001358
0.003593
0.00202
0.001515
0.001628
0.001371
0.011748
0.00161
0.001647
0.001739
0.002901
0.001827
0.001565
0.001804
0.001505
0.001686
0.001586
0.001625
0.004382
0.001461
0.001483
0.001829
0.002112
0.005511
0.002126
0.001868
0.002392
0.002457
0.002246
0.00206
0.001595
0.001376
0.001958
0.001818
0.001561
0.001625
0.001814
0.001429
0.001768
0.001849
0.001368
0.001774
0.001655
0.004234
0.001473
0.001553
0.007472
0.001767
0.001841
0.001939
0.001542
0.001531
0.001506
0.003102
0.002014
0.001733
0.001522
0.001635
0.002101
0.001911
0.00313
0.001852
0.001754
0.00168
0.002771
0.002132
0.001538
0.001988
0.001952
0.00185
0.003965
0.001478
0.001844
0.001814
0.001631
0.001582
0.001541
0.001403
0.001485
0.001925
0.00171
0.001849
0.001772
0.001843
0.002044
0.010887
0.002351
0.002672
0.003076
0.002561
0.005141
0.004501
0.003472
0.003323
0.002053
0.002666
0.004759
0.004172
0.004719
0.003365
0.013977
0.002597
0.003162
0.002603
0.004498
0.001608
0.001511
0.001696
0.003054
0.003887
0.001779
0.001596
0.002158
0.002842
0.006256
0.002455
0.00841
0.010503
0.002493
0.007254
0.003123
0.003121
0.003047
0.004032
0.003662
0.002915
0.002794
0.008803
0.001888
0.014475
0.003539
0.007194
0.002013
0.003135
0.001779
0.003367
0.001668
0.0096
0.003286
0.010788
0.006785
0.010824
0.010421
0.010529
0.013019
0.001814
0.003547
0.001871
0.001388
0.002201
0.002278
0.001941
0.001497
0.00195
0.001862
0.001686
0.001709
0.001883
0.001578
0.00202
0.001523
0.001985
0.008905
0.00185
0.001777
0.001235
0.001776
0.001543
0.00208
0.001698
0.001909
0.001694
0.001973
0.001665
0.001398
0.00141
0.001708