
0.071759
0.041603
0.036346
0.029067
0.045747
0.06669
0.030123
0.032699
0.01833
0.031006
0.022255
0.049484
0.030824
0.033174
0.086552
0.039864
0.024905
0.028863
0.078882
0.047692
0.076158
0.037607
0.032875
0.028232
0.015049
0.064887
0.00236
0.079329
0.022693
0.002834
0.044414
0.049245
0.067918
0.044933
0.093181
0.065635
0.06341
0.030781
0.001972
0.038582
0.020388
0.01961
0.068885
0.051013
0.040591
0.025658
0.067841
0.043623
0.02816
0.052812
0.054501
0.060457
0.025802
0.013383
0.036689
0.04071
0.04597
0.024813
0.008802
0.059489
0.014925
0.059436
0.029924
0.057873
0.027119
0.012552
0.020912
0.029639
0.022184
0.030494
0.061442
0.046409
0.043101
0.045141
0.006214
0.055904
0.01901
0.015462
0.031674
0.050442
0.031473
0.04787
0.078619
0.060111
0.025477
0.026404
0.044446
0.034424
0.029126
0.022729
0.077202
0.041349
0.030298
0.007228
0.02219
0.023459
0.040561
0.002339
0.032602
0.025255
0.071245
0.078115
0.062877
0.025533
0.017876
0.052822
0.020254
0.006233
0.020899
0.014192
0.009172
0.035895
0.022269
0.05074
0.036066
0.035143
0.081067
0.033576
0.049057
0.048185
0.014842
0.044359
0.021301
0.021182
0.027549
0.024005
0.038374
0.034354
0.067517
0.017588
0.007975
0.035499
0.038545
0.030374
0.028342
0.049884
0.057178
0.017479
0.033573
0.055765
0.009233
0.030269
0.022942
0.032814
0.019573
0.014142
0.022173
0.035064
0.029168
0.042011
0.083409
0.059624
0.03393
0.035565
0.036066
0.009102
0.032344
0.02653
0.058802
0.054139
0.011881
0.00562
0.078597
0.019726
0.057707
0.029701
0.018325
0.032429
0.046726
0.013806
0.03612
0.028244
0.028828
0.049006
0.015848
0.044395
0.053268
0.014525
0.014471
0.050951
0.065662
0.052092
0.044914
0.053354
0.018091
0.021868
0.007318
0.032222
0.015185
0.067938
0.021655
0.018646
0.009466
0.056223
0.019731
0.1063
0.0594
0.034575
0.003458
0.020102
0.034145
0.005759
0.00628
0.045715
0.027646
0.021242
0.02276
0.027448
0.077931
0.010841
0.033546
0.036886
0.036891
0.012651
0.015973
0.126253
0.032984
0.018458
0.060967
0.022127
0.089839
0.076344
0.013661
0.042534
0.048879
0.043069
0.041213
0.040124
0.042084
0.022986
0.011005
0.024492
0.03582
0.028164
0.053673
0.011934
0.046502
0.062258
0.018838
0.030021
0.052339
0.035748
0.044808
0.015371
0.006983
0.025018
0.020524
0.022273
0.042902
0.032852
0.059472
0.033059
0.053195
0.024788
0.057177
0.022643
0.047608
0.014652
0.013682
0.01468
0.047267
0.014534
0.032712
0.017002
0.034254
0.03449
0.04099
0.041006
0.057988
0.030143
0.023791
0.025918
0.017746
0.009669
0.023823
0.019447
0.007566
0.005852
0.029515
0.007469
0.023455
0.025875
0.011601
0.049099
0.034844
0.050972
0.065101
0.006925
0.052355
0.044325
0.010438
0.029356
0.020759
0.069469
0.040908
0.046206
0.021324
0.017195
0.017144
0.040118
0.046827
0.042203
0.017997
0.0282
0.00548
0.047639
0.065013
0.055218
0.009299
0.058515
0.030914
0.017237
0.027013
0.020802
0.046929
0.02685
0.006966
0.020914
0.02112
0.011474
0.03351
0.032694
0.027253
0.012885
0.033243
0.029956
0.04192
0.046531
0.047422
0.063996
0.053377
0.055576
0.036554
0.083457
0.060883
0.008194
0.047465
0.034856
0.014649
0.050302
0.046431
0.017338
0.025083
0.025129
0.038395
0.035875
0.029601
0.047933
0.041144
0.090256
0.021135
0.055758
0.054276
0.033467
0.00466
0.005243
0.039695
0.048654
0.064502
0.06529
0.034244
0.038853
0.020871
0.003319
0.026756
0.009458
0.029187
0.055385
0.003747
0.020036
0.063376
0.056448
0.015132
0.058223
0.028938
0.040286
0.056501
0.06073
0.058906
0.023722
0.041306
0.020177
0.05362
0.048412
0.043207
0.02723
0.032314
0.029924
0.045991
0.039995
0.019466
0.049177
0.032963
0.051339
0.041497
0.036777
0.06262
0.034705
0.006554
0.047248
0.027335
0.032723
0.005864
0.034918
0.023269
0.052476
0.032158
0.077814
0.034756
0.030989
0.031103
0.054545
0.047712
0.020942
0.013709
0.00972
0.005659
0.055251
0.022948
0.025647
0.038005
0.019947
0.025775
0.029148
0.047496
0.027313
0.042204
0.018251
0.038562
0.022951
0.047091
0.024069
0.024699
0.002092
0.040633
0.029705
0.047834
0.046143
0.03492
0.009973
0.001523
0.013444
0.026009
0.007596
0.034278
0.041244
0.040987
0.034979
0.026411
0.036101
0.030769
0.027158
0.037974
0.026433
0.040054
0.035593
0.002314
0.029345
0.038953
0.005616
0.016072
0.023008
0.027029
0.002265
0.001732
0.008524
0.021965
0.004408
0.054045
0.022727
0.013533
0.034878
0.005582
0.04437
0.002227
0.020446
0.040961
0.01774
0.012812
0.016511
0.018142
0.024863
0.031207
0.01825
0.032409
0.017427
0.029057
0.015684
0.014842
0.01762
0.026852
0.012165
0.018875
0.0072
0.014905
0.035828
0.018909
0.018067
0.004837
0.041609
0.007224
0.005333
0.003473
0.01996
0.027054
0.039496
0.019104
0.031562
0.008147
0.035597
0.021876
0.025778
0.016035
0.028015
0.009939
0.01422
0.030313
0.015425
0.013322
0.017666
0.009019
0.001488
0.007995
0.007163
0.010041
0.005982
0.016315
0.01806
0.023192
0.014751
0.00508
0.018659
0.021689
0.019893
0.017299
0.01075
0.016549
0.02408
0.022187
0.006079
0.005977
0.014489
0.018753
0.010696
0.024141
0.006723
0.015984
0.009995
0.005619
0.01045
0.005857
0.019686
0.019456
0.006565
0.001537
0.007956
0.001461
0.007236
0.006865
0.001933
0.011033
0.013439
0.01546
0.031021
0.019001
0.01553
0.011506
0.001998
0.010446
0.017843
0.014946
0.012497
0.010051
0.018523
0.010817
0.006082
0.005924
0.006323
0.013006
0.017536
0.008841
0.001488
0.011048
0.012238
0.005664
0.001767
0.010024
0.001495
0.001751
0.008161
0.017424
0.020761
0.006499
0.010652
0.007148
0.009039
0.007113
0.009989
0.018288
0.008629
0.006471
0.007155
0.009894
0.008141
0.014714
0.014685
0.011792
0.011211
0.007217
0.005847
0.005751
0.008152
0.014005
0.011158
0.00583
0.005289
0.015878
0.01381
0.025627
0.015913
0.006617
0.028658
0.016195
0.021978
0.038372
0.027183
0.011279
0.007906
0.006931
0.008822
0.016927
0.005173
0.019298
0.008762
0.007569
0.012017
0.004452
0.011791
0.030276
0.01893
0.001629
0.01851
0.036511
0.005332
0.001649
0.006628
0.015367
0.005086
0.007441
0.001806
0.011
0.006815
0.00752
0.013263
0.020362
0.007787
0.007107
0.001831
0.011033
0.019156
0.004945
0.004828
0.017454
0.011333
0.015045
0.008735
0.009385
0.007885
0.0264
0.007764
0.006075
0.006596
0.012443
0.001431
0.004741
0.008884
0.00137
0.008408
0.006752
0.031674
0.004679
0.004224
0.007475
0.008902
0.004534
0.013063
0.00723
0.005729
0.004652
0.003104
0.005315
0.004298
0.005898
0.006168
0.007301
0.018098
0.006489
0.004586
0.004785
0.007015
0.011095
0.013594
0.004111
0.009179
0.005343
0.001851
0.013658
0.001479
0.010157
0.01299
0.004404
0.010121
0.012622
0.008301
0.004043
0.016268
0.007588
0.00793
0.001773
0.001844
0.0047
0.021164
0.002354
0.008849
0.014941
0.016187
0.008961
0.024327
0.010809
0.019942
0.002056
0.002668
0.007436
0.010849
0.00472
0.007109
0.021976
0.005805
0.01581
0.00739
0.012544
0.011104
0.01335
0.00379
0.013959
0.003892
0.005719
0.010708
0.018164
0.014946
0.006258
0.004981
0.018653
0.02438
0.008928
0.011829
0.009798
0.003122
0.00871
0.0091
0.006145
0.013294
0.022961
0.039328
0.00465
0.028194
0.008939
0.009811
0.006988
0.011414
0.019853
0.012567
0.020257
0.018013
0.009558
0.021166
0.01453
0.015866
0.021137
0.018263
0.029845
0.013319
0.005478
0.003674
0.003444
0.011305
0.013593
0.005871
0.008794
0.008026
0.005991
0.01053
0.001711
0.006362
0.005863
0.002022
0.00369
0.018929
0.01351
0.022402
0.001779
0.001236
0.005437
0.009471
0.002081
0.011699
0.024265
0.003608
0.005044
0.004199
0.0014
0.007714
0.010772