
0.0200582
0.00274629
0.0119135
0.0119135
0.0184652
0.021886
0.0482942
0.0534812
0.0677803
0.0701436
0.318944
0.318944
0.319018
0.319007
0.319011
0.319012
0.319014
0.319016
0.323908
0.323908
0.0387356
0.0442714
0.0578133
0.0535512
0.0535512
0.0656742
0.0703429
0.0714614
0.0743084
0.103193
0.105141
0.110626
0.110626
0.115194
0.00738351
0.0598027
0.0145252
0.0104407
0.0125058
0.0268894
0.0138916
0.0156473
0.00969466
0.0136935
0.0172826
0.0279444
0.0268692
0.0239951
0.101888
0.0101616
0.0121785
0.013987
0.0690706
0.0185436
0.0168865
0.00832825
0.018582
0.0092094
0.0199184
0.0209125
0.0179009
0.0179009
0.00901006
0.00901006
0.00798392
0.00782244
0.018242
0.00721197
0.00634735
0.0138924
0.00212132
0.0192184
0.00200231
0.00237417
0.0345485
0.0345485
0.493824
0.262036
0.178248
0.196729
0.210923
0.215879
0.196089
0.1773
0.21029
0.216237
0.198109
0.198109
0.213289
0.194492
0.0189704
0.0341547
0.0516479
0.0193507
0.0350577
0.0167694
0.0358534
0.0343925
0.0176915
0.0486155
0.0976683
0.100229
0.0997416
0.0990163
0.0998755
0.0997338
0.104069
0.10073
0.101169
0.101169
0.0706258
0.0133102
0.0156658
0.0034491
0.0174068
0.00304049
0.0162279
0.0152187
0.00170764
0.0326807
0.0195055
0.0349925
0.0368475
0.0163332
0.0331125
0.0331125
0.131705
0.0697543
0.0458834
0.017617
0.0152548
0.00230541
0.0211596
0.0538022
0.0135867
0.00164144
0.0155929
0.00197397
0.014322
0.0166588
0.014753
0.0667246
0.0327503
0.0169482
0.0531718
0.0340416
0.0680475
0.0350642
0.0488742
0.0509211
0.0750319
0.0748331
0.0468322
0.140961
0.0911159
0.0910233
0.0910164
0.0910171
0.0910181
0.0910187
0.091019
0.0910177
0.091016
0.091014
0.091014
0.086604
0.0827303
0.0272668
0.00566511
0.0327242
0.0157194
0.0477071
0.00410299
0.0182495
0.0367765
0.0334687
0.0209001
0.0311302
0.00167888
0.0515893
0.0322978
0.0166471
0.0323052
0.0163451
0.00381497
0.00372209
0.0307753
0.000881965
0.00285624
0.0139025
0.0142083
0.03231
0.0718487
0.0659697
0.311365
0.311361
0.311361
0.0200003
0.0390014
0.0672469
0.320123
0.0452179
0.312873
0.344376
0.0750021
0.0805486
1.91278e-06
1.15729e-06
3.39034e-06
2.77641e-06
4.29724e-06
1.43247e-06
1.58155e-06
8.62861e-06
7.62111e-06
0.111708
0.607891
0.656328
0.698882
0.0460346
0.0529835
0.0529821
0.0529846
0.0529839
0.0529846
0.0529832
0.0529864
0.0529819
0.0529793
0.0529793
0.0529724
0.0529679
0.0529622
0.0529622
2.60534e-06
4.36221e-06
2.22093e-06
2.77776e-06
7.67047e-06
1.50034e-05
1.63958e-05
1.66088e-05
2.07088e-05
2.16797e-05
0.0796496
0.057275
0.137393
0.139896
0.143013
0.14472
0.145369
0.146181
0.149228
0.150129
0.152231
0.0667392
0.0627962
0.0654669
0.0626063
0.0809761
0.0634895
0.0770479
0.0705893
0.0681364
0.00360342
0.0353494
0.027797
0.00576449
0.00837173
0.0328
0.00316904
0.00865917
0.0295984
0.0804691
0.0705041
0.0772754
0.0589959
0.0773379
0.0715402
0.0707764
0.0486022
0.0551957
0.0845767
0.0721707
0.170712
0.187892
0.154677
0.225793
0.215244
0.0265155
0.00974481
0.267969
0.046854
0.30624
0.291725
0.324725
0.273582
0.294374
0.28712
0.14091
0.0537998
0.0867953
0.0353311
0.0571034
0.0900978
0.242541
0.164342
0.185464
0.463976
0.42801
0.0254119
0.0112229
0.0184819
0.0386115
0.0171624
0.0386117
0.0250821
0.0330022
0.118792
0.141562
0.126715
0.122761
0.110555
0.117162
0.141254
0.141254
0.138295
0.13171
0.13498
0.143564
0.116511
0.137963
0.110913
0.143908
0.152494
0.138969
0.126105
0.133371
0.109298
0.115905
0.136361
0.108995
0.115931
0.103077
0.119461
0.0673267
0.0745588
0.061978
0.751506
0.73247
0.712512
0.737894
0.724906
0.72192
0.72192
0.727763
0.727763
0.736929
0.736929
0.732845
0.0990593
0.0147553
0.0223789
0.0196927
0.0305407
0.0326698
0.0256043
0.0110002
0.0196696
0.0436128
0.0508745
0.0418812
0.0460761
0.0460761
0.0580587
0.0472186
0.0509551
0.0486808
0.0624173
0.0504398
0.0608619
0.0423238
0.0112692
0.0159006
0.0101506
0.0105458
0.00933001
0.0256088
0.0180303
0.0180303
0.0123275
0.0147401
0.0160647
0.0203061
0.0307714
0.0115047
0.0188766