
6e-06
1.6e-05
1.1e-05
1.3e-05
7e-06
6e-06
2e-06
2e-06
8e-06
9e-06
2e-06
8e-06
2e-06
6e-06
8e-06
6e-06
9e-06
1.3e-05
7e-06
1e-05
2e-06
1.4e-05
8e-06
2e-06
2e-06
3e-06
4e-06
3e-06
2e-06
4e-06
2e-06
3e-06
9e-06
5e-06
3e-06
3.8e-05
7e-06
3e-06
1e-05
1e-05
2e-05
3e-06
3e-06
3e-06
3e-06
8e-06
3e-06
2e-06
2e-06
3e-06
1.1e-05
1.3e-05
2e-06
2e-06
3.1e-05
2e-06
5e-06
3e-06
2e-06
8e-06
9e-06
3e-06
5e-06
6e-06
9e-05
5e-06
6e-06
3e-06
3e-06
4e-06
3e-06
1e-05
2e-06
2e-06
3e-06
2e-06
6e-06
3e-06
3e-06
5e-06
7e-06
2e-06
2e-06
1.7e-05
4e-06
3e-06
4e-06
6e-06
5e-06
7e-06
3e-06
3e-06
4e-06
1e-05
2e-06
9e-06
2e-06
3e-06
8e-06
2e-06
8e-06
2e-06
6e-06
4e-06
3e-05
3e-06
7e-06
8e-06
2e-06
5e-06
2e-06
3e-06
2e-06
3.2e-05
3e-06
9e-06
3e-06
1.6e-05
1.4e-05
3e-06
2e-06
3e-06
8e-06
3e-06
3.4e-05
3e-06
3.5e-05
2e-06
1.2e-05
1.6e-05
4.1e-05
9e-06
2.1e-05
2e-06
4e-06
1.9e-05
3e-06
5e-06
8e-06
0.049878
0.051194
0.056993
0.046411
0.053828
0.066691
0.067871
0.047395
0.038518
0.076807
0.029062
0.037895
0.034431
0.069978
0.064901
0.06273
0.052892
0.047703
0.088782
0.034211
0.046065
0.03799
0.048367
0.054607
0.039662
0.053015
0.054073
0.06851
0.052339
0.040754
0.050633
0.056533
0.046661
0.044175
0.0423
0.061685
0.032687
0.05173
0.053081
0.040596
7e-06
0.038859
0.07386
0.03532
0.036773
0.037472
0.061288
0.039175
0.034802
0.068054
0.038346
0.060188
0.062548
0.062855
0.047586
0.054829
0.034604
0.055254
0.03944
0.048878
0.052229
0.04364
0.048974
0.051186
0.048021
0.044774
0.049112
0.060343
0.068504
0.07526
0.049492
0.076034
0.059264
0.054764
0.053882
0.056553
0.052005
0.095828
0.103117
0.042929
0.036857
0.069847
0.038658
0.067662
0.056248
0.047076
0.046919
0.050073
0.060769
0.086508
0.059665
0.077047
0.081765
0.064492
0.096091
0.044674
0.04301
0.047314
3e-06
3.6e-05
3e-06
5e-06
2e-06
1.4e-05
6e-06
4.1e-05
1.1e-05
2.2e-05
8e-06
8e-06
4e-06
8e-06
7e-06
4.8e-05
1.2e-05
2e-05
3e-06
0.000102
9e-06
4.6e-05
1.1e-05
4e-06
6e-06
6e-06
3.8e-05
1.4e-05
3e-06
3e-06
0.061208
0.057167
0.064094
0.055531
0.062242
0.058397
0.045778
0.045989
0.040595
0.043175
0.056059
0.060574
0.054533
0.036931
0.039851
0.036053
0.039791
0.033575
0.039643
0.046432
0.030732
0.050691
0.061658
0.05032
0.029406
0.055123
0.054902
0.046583
0.037134
0.038767
0.032218
0.050402
0.035766
0.055322
0.057708
0.020772
0.080348
0.034799
0.035027
0.04109
0.040835
0.040213
0.043866
0.030026
0.032808
0.041082
0.03214
0.086728
0.031438
0.03539
0.047107
0.033362
0.04798
2e-06
7e-06
2e-06
4e-06
3e-06
1.7e-05
1.2e-05
1.5e-05
4e-06
5e-06
4e-06
3e-06
5e-06
3e-06
7e-06
7e-06
4e-06
6e-06
1e-05
5e-06
0.039229
0.030123
0.041254
0.038144
0.051452
0.033274
0.034482
0.032964
0.042083
0.031911
0.049251
0.019431
0.036684
0.02109
0.043782
0.031535
0.030659
0.025234
0.034787
0.034575
0.033294
0.034666
0.027385
0.032486
0.020615
0.04177
0.053494
0.035229
0.028778
0.032054
0.025759
0.013332
0.035854
0.022637
0.020645
0.047686
0.035274
0.03565
0.03401
0.013881
0.020346
0.012948
0.013212
0.046931
0.014805
0.039649
0.018734
0.021486
0.030807
0.036584
0.037399
0.04288
0.047256
0.033633
0.02681
0.009374
0.020034
0.026438
0.014196
0.016337
0.017495
0.029811
0.025056
0.038485
0.029149
0.010869
0.04032
0.028855
0.021372
0.025278
0.030799
0.030696
0.017208
0.034038
0.024813
0.032648
0.019273
0.013013
0.018449
0.026864
0.024595
0.013802
0.025629
0.014691
0.02286
0.028947
0.015695
0.021574
0.022334
0.040837
0.040391
0.026556
0.026899
0.031366
0.018542
0.030119
0.021243
0.028286
0.018816
0.02865
0.013472
0.013894
0.027648
0.032441
0.024842
0.025156
0.033558
0.015024
0.012751
0.030812
0.024271
0.020147
0.029033
0.03636
0.035444
0.049648
0.065033
0.051398
0.044238
0.022686
0.024264
0.031111
0.028424
0.061043
0.041516
0.048239
0.032775
0.051577
0.047749
0.05392
0.068003
0.075178
0.056433
0.026623
0.028967
0.038102
0.028348
0.034643
0.050377
0.039663
0.042511
0.049211
0.041348
0.038347
0.058739
0.052939
0.040959
0.024512
0.058332
0.029484
0.042744
0.055925
0.043486
0.077644
0.037201
0.056695
0.073406
0.076433
0.034307
0.069702
0.062493
0.039812
0.060837
0.079231
0.073786
0.064271
0.086266
0.054848
0.067802
0.084381
0.070702
0.069612
0.05888
0.099874
0.077581
0.081684
0.103027
0.096108
0.06802
0.060956
0.068513
0.08853
0.069995
0.060878
0.043361
0.042793
0.087962
0.048885
0.065762
0.044496
0.030476
0.030837
0.033705
0.03868
0.039007
0.03134
0.074572
0.052822
0.057392
0.058668
0.058446
0.052809
0.113043
0.055401
0.04854
0.040959
0.035151
0.061915
0.051902
0.051796
0.09246
0.069902
0.060804
0.055257
0.085402
0.106179
0.075859
0.076722
0.108171
0.055362
0.03742
0.038035
1.1e-05
3e-06
3e-06
7e-06
0.001232
0.047958
0.055872
0.05945
0.043583
0.049651
0.072976
0.033333
0.057748
0.048995
0.063156
0.075155
0.063575
0.070362
0.060636
0.054304
0.066007
0.075999
0.076606