
0.105579
0.059052
0.11043
0.052199
0.055969
0.001888
0.038945
0.035754
0.045147
0.024996
0.024992
0.012431
0.053961
0.049235
0.08062
0.054433
0.022358
0.045731
0.00941
0.088995
0.044171
0.07885
0.081583
0.005504
0.033328
0.069862
0.041422
0.04661
0.005713
0.040094
0.058151
0.043502
0.041341
0.005967
0.063959
0.050657
0.051931
0.043976
0.059455
0.036513
0.040043
0.05013
0.085216
0.031758
0.004057
0.02547
0.046236
0.057645
0.035444
0.050042
0.035854
0.068157
0.04606
0.021566
0.074957
0.052977
0.07854
0.054782
0.137796
0.004711
0.054006
0.070192
0.009731
0.047928
0.065027
0.269917
0.031285
0.074024
0.003597
0.004263
0.104968
0.041117
0.036038
0.035635
0.150424
0.154997
0.172139
0.027996
0.056035
0.07301
0.062436
0.033591
0.054718
0.009216
0.037555
0.005577
0.071315
0.029274
0.061088
0.028326
0.066456
0.067598
0.083871
0.009125
0.066395
0.004093
0.05249
0.105948
0.046911
0.060767
0.041789
0.062169
0.046254
0.11103
0.044427
0.005375
0.055908
0.056182
0.032591
0.073115
0.017021
0.062994
0.027892
0.030431
0.006538
0.019266
0.043945
0.025707
0.059818
0.042021
0.013895
0.139183
0.175453
0.131203
0.097174
0.128437
0.126151
0.14453
0.217603
0.198406
0.132557