
1.57733e+09
0.098748
0.105032
0.027935
0.032121
0.05386
0.085033
0.048188
0.053278
0.056969
0.11131
0.078351
0.058045
0.086409
0.102536
0.053903
0.094441
0.095549
0.097812
0.066189
0.087834
0.054961
0.072192
0.058311
0.103652
0.063864
0.062248
0.074162
0.077524
0.045742
0.066082
0.144542
0.07115
0.075741
0.075169
0.083686
0.07043
0.078459
0.075544
0.062982
0.053463
0.119331
0.135263
0.081996
0.127398
0.04797
0.101612
0.073912
0.083635
0.048403
0.056722
0.098272
0.065902
0.063256
0.054865
0.052762
0.040318
0.066901
0.074422
0.058126
0.058612
0.088697
0.06566
0.076631
0.077758
0.05247
0.067635
0.051415
0.068951
0.06391
0.117125
0.16403
0.077857
0.10246
0.083535
0.107586
0.098751
0.102653
0.061511
0.070721
0.059462
0.061127
0.061132
0.068138
0.068927
0.057278
0.076844
0.072527
0.054218
0.066491
0.081544
0.061506
0.093016
0.060037
0.14921
0.059057
0.091405
0.087594
0.051978
0.053656
22.7835
0.113282
0.083259
0.06362
0.085005
0.0587
0.02851
0.066958
0.060492
0.072635
0.063616
0.082036
0.075827
0.085655
0.043748
0.040319
0.079804
0.075998
0.109373
0.068945
0.097955
0.084112
0.070099
0.051012
0.067652
0.09792
0.077238
0.074301
0.080755
0.107991
0.086512
0.039604
0.084811
0.069474
0.086647
0.073984
0.064051
0.062933
0.10637
0.271309
0.108683
0.106105
0.127436
0.087924
0.134877
0.140422
0.213984
0.099663
0.185155
0.176597
0.122808
0.124325
0.087024
0.199648
0.147244
0.191391
0.097555
0.34063
0.192531
0.152564
0.099293
0.072437
0.12972
0.129731
0.101313
0.149029
0.138669
0.143905
0.099517
0.139316
0.133611
0.118982
0.123449
0.127051
0.082817
0.12727
0.10246
0.130627
0.470953
0.131273
0.119439
0.112155
0.145939
0.132991
0.151509
0.090493
0.134162
0.104038
0.089901
0.541198
0.110576
0.147456
0.171668
0.156718
0.122819
0.165186
0.106003
0.168212
0.471942
0.120653
0.141347
0.094416
0.184212
0.16203
0.138029
0.145784
0.165149
0.242333
0.555222
0.186722
0.187439
0.149405
0.112302
0.168612
0.165828
0.120084
0.554036
0.196211
0.206045
0.254595
0.114742
0.140698
0.129954
0.13949
0.554588
0.122186
0.120342
0.142494
0.140505
0.156404
0.568258
0.151706
0.162114
0.172103
0.18018
0.234952
0.100927
0.130421
0.088404
0.085595
0.072599
0.071249
0.057442
0.069789
0.069931
0.073628
0.041901
0.103772
0.111381
0.072311
0.038555
0.061187
0.120345
0.059587
0.068848
0.115064
0.089364
0.109603
0.053877
0.090919
0.070635
0.082171
0.075152
0.056611
0.064828
0.068811
0.477868
0.08358
0.499503
0.110861
0.126373
0.119881
0.149461
0.143149
0.09845
0.112758
0.084974
0.103966
0.083098
0.552282
0.174391
0.109186
0.11062
0.08833
0.08818
0.066705
0.115745
0.102839
0.133932
0.166838
0.522856
0.085427
0.117776
0.109905
0.162578
0.160372
0.127744
0.105029
0.152634
0.117769
0.442252
0.165855
0.188976
0.099041
0.156171
0.132543
0.132629
0.078412
0.307311
0.118178
0.096375
0.06586
0.14174
0.140177
0.119731
0.137561
0.081608
0.132832
0.11599
0.13187
0.451298
0.101597
0.067342
0.121615
0.053265
0.080097
0.051404
0.130932
0.056903
0.073623
0.121362
0.107692
0.046838
0.085322
0.061277
0.111156
0.046114
0.097243
0.041304
0.414311
0.120479
0.153928
0.079416
0.110949
0.139497
0.125968
0.099325
0.097654
0.073007
0.073635
0.128182
0.167921
0.074639
0.331125
0.049007
0.134241
0.076042
0.082472
0.137397
0.076881
0.098922
0.120284
0.145617
0.075021
0.075118
0.061454
0.141998
0.081686
0.303146
0.121891
0.099971
0.076842
0.092709
0.05364
0.046485
0.069259
0.102417
0.105185
0.124065
0.065491
0.137168
0.063303
0.048333
0.091191
0.140541
0.06051
0.083304
0.066616
0.065148
0.097743
0.066263
0.085558
0.073566
0.111667
0.078488
0.099774
0.064631
0.254079
0.113987
0.062684
0.081096
0.085797
0.070124
0.130146
0.085887
0.067553
0.090187
0.099012
0.050488
0.102763
0.076235
0.088068
0.054694
0.076428
0.128353
0.081038
0.073597
0.059112
0.056637
0.051488
0.041376
0.088457
0.032145
0.066722
0.068044
0.119778
0.069361
0.223205
0.066183
0.147428
0.086471
0.130346
0.100809
0.112047
0.055793
0.055837
0.058628
0.059741
0.072847
0.088135
0.059634
0.076465
0.107564
0.112026
0.101672
0.105249
0.096281
0.061851
0.209842
0.044918
0.077316
0.059583
0.060787
0.097963
0.08546
0.132287
0.076868
0.139523
0.096375
0.116331
0.100698
0.072686
0.121778
0.125967
0.156045
0.098323
0.102558
0.075115
0.132229
0.132295
0.1276
0.174052
0.495075
0.128723
0.097577
0.10095
0.093459
0.137051
0.065946
0.142998
0.096247
0.13186
0.083008
0.067295
0.10306
0.181492
0.079319
0.149608
0.227197
0.1355
0.118994
0.123196
0.114903
0.134866
0.163521
0.072256
0.092586
0.168552
0.123691
0.183753
0.152277
0.153256
0.165461
0.248308
0.155413
0.142163
0.209649
0.151567
0.169638
0.202678
0.609835
0.131366
0.194102
0.153713
0.267086
0.192618
0.180296
0.22869
0.184088
0.130024
0.295387
0.189816
0.171848
0.193235
0.137483
0.123078
0.151502
0.258133
0.147807
0.139425
0.113527
0.091734
0.107501
0.068983
0.070985
0.125506
0.06972
0.175603
0.169121
0.18859
0.157505
0.105789
0.280618
0.20615
0.158827
0.157946
0.102158
0.084685
0.134231
0.135819
0.101131
0.170929
0.150503
0.158233
0.144017
0.22415
0.210584
0.205944
0.192264
0.227112
0.465704
0.075385
0.127275
0.091486
0.048766
0.104935
0.095135
0.109951
0.176977
0.137115
0.155249
0.555074
0.116429
0.222163
0.153911
0.192286
0.147548
0.13977
0.597018
0.130004
0.101061
0.173711
0.137398
0.11599
0.517685