
1.2e-05
0.005105
0.004424
0.003083
0.003303
0.004477
0.003008
0.023346
0.003514
0.011503
0.008286
0.008374
0.006892
0.011356
0.00693
0.009847
0.005308
0.006029
0.00551
0.004549
0.005508
0.003444
0.010342
0.004062
0.01326
0.030067
0.02431
0.024253
0.027015
0.013716
0.025466
0.019695
0.019684
0.016277
0.016667
0.024668
0.014386
0.017756
0.015007
0.031813
0.01465
0.012796
0.02212
0.021599
0.021596
0.010366
0.017383
0.019156
0.008144
0.034844
0.02539
0.028505
0.023837
0.009702
0.0132
0.017687
0.012174
0.0199
0.032212
0.026715
0.025257
0.037371
0.007165
0.020645
0.029205
0.028612
0.01274
0.021799
0.016347
0.016057
0.00889
0.007842
0.016667
0.01456
0.013382
0.013356
0.014153
0.021329
0.019004
0.014985
0.016852