
1.57868e+09
0.064887
0.071658
0.074929
0.045268
0.072375
0.062962
0.075595
0.058392
0.05925
0.066624
0.068751
0.061048
0.058447
0.066269
0.086127
0.067933
0.061406
0.069398
0.066923
0.065892
0.058565
0.052266
0.074532
0.063518
0.074291
0.048929
0.097854
0.062891
0.080882
0.050728
0.079591
0.06732
0.066062
0.078321
0.044855
0.077372
0.047206
0.085821
0.068551
0.0879
0.079423
0.107988
0.075671
0.070939
0.066819
0.055992
0.058675
0.066215
0.068492
0.067802
0.064012
0.048426
0.065236
0.061118
0.062259
0.08782
0.069391
0.075764
0.056276
0.091052
0.077897
0.066766
0.082337
0.059425
0.083846
0.079409
0.050815
0.076642
0.074268
0.050639
0.067785
0.079665
0.054491
0.057696
0.062237
0.063674
0.111517
0.035558
0.03464
0.039726
0.035951
0.061809
0.071061
0.078795
0.066237
0.077122
0.061854
0.053772
0.099754
0.089707
0.065539
0.07279
0.06432
0.065431
0.074453
0.080092
0.069885
0.084042
11.3656
0.205154
0.161459
0.137027
0.161812
0.167487
0.181526
0.124139
0.228494
0.128974
0.191232
0.186462
0.166529
0.177247
0.119093
0.136822
0.213079
0.146744
0.199989
0.166592
0.218955
0.16594
0.189106
0.161003
0.202025
1.03343
0.46822
0.203325
0.289192
0.233437
0.242825
0.237776
0.245145
0.26996
0.190311
0.098689
0.144559
0.192357
0.151003
0.15654
0.20628
0.166133
0.141402
0.157749
0.168163
0.880024
0.166646
0.478701
0.090675
0.114268
0.200859
0.160441
0.211999
0.196446
0.144428
0.173061
0.188765
0.149089
0.155678
0.164419
0.195922
0.209201
0.146511
0.192758
0.16457
0.192026
0.23198
0.18204
0.183654
0.174791
0.172797
0.990221
0.168254
0.209301
0.202478
0.256433
0.260607
0.256777
0.322472
0.18936
0.205992
0.967132
0.155884
0.209007
0.176108
0.190638
0.42603
0.409728
0.423282
0.328986
0.281973
0.291482
0.299078
0.309202
0.290638
0.710921
0.186444
0.253162
0.16462
0.194378
0.284001
0.269623
0.15249
0.179678
0.207858
0.155339
0.191586
0.257892
0.263927
0.42501
0.266582
0.234256
0.384057
1.24299
0.421234
1.38907
0.330154
0.36382
0.393874
0.23875
0.340217
0.251073
0.994402
0.322801
0.248453
0.298067
0.302252
0.308362
1.08599
0.331005
0.355104
0.452243
1.28872
0.290509
0.251388
0.252497
0.201776
0.269831
0.278613
1.07482
0.243586
0.231772
0.189927
0.222983
0.190366
0.30691
0.273515
0.165158
0.180058
0.245673
1.12225
0.191634
0.292738
0.413201
0.288925
0.245903
0.301728
0.299129
1.33735
0.347317
0.352042
0.384324
0.332976
0.832134