
71
77
69
169
89
190
193
77
201
108
170
191
128
236
500
284
280
200
500
280
111
454
200
181
214
276
213
249
414
249
204
242
200
65
68
76
141
193
207
182
65
61
74
89
185
269
388
500
296
189
291
189
289
189
189
189
189
189
189
287
189
223
287
368
217
223
500
189
382
80
86
95
129
181
91
169
73
77
96
135
181
192
84
245
292
77
249
123
177
385
152
232
134
207
117
193
191
284
144
196
191
193
500
117
500
157
152
500
221
157
448
266
437
148
78
500
254
109
148
500
109
127
136
205
340
374
148
205
334
374
82
374
220
205
374
220
220
336
205
500
205
500
200
107
57
57
69
56
53
70
29
152
21
172
54
56
73
73
72
69
48
62
21
149
46
170
152
61
61
62
46
77
61
69
60
76
73
70
41
60
64
47
64
68
70
115
69
42
64
69
53
75
69
66
35
66
72
91
72
122
111
92
162
75
47
72
112
164
27
92
76
92
77
126
87
71
69
68
69
127
145
144
39
65
119
168
85
137
79
62
62
139
67
161
65
14
94
32
68
100
31
98
119
59
175
131
86
55
55
72
85
55
97
55
85
97
24
103
131
103
155
90
103
49
49
90
50
131
100
132
90
101
332
365
406
278
58
278
178
376
121
211
120
500
120
175
120
120
498
120
178
500
138
422
161
500
406
500
198
334
422
120
119
60
133
60
84
133
100
48
135
25
140
131
79
146
79
95
146
114
48
120
144
129
135
299
388
299
143
357
427
177
427
356
122
140
87
112
105
74
89
140
92
122
63
105
113
104
89
69
66
93
117
97
142
59
108
144
119
98
73
118
142
75
98
108
16
37
85
81
82
106
239
345
106
371
193
127
69
134
106
273
106
106
106
193
106
193
106
106
453
320
435
130
109
109
115
77
74
91
134
55
157
80
28
62
107
212
158
231
102
185
102
185
105
75
105
90
167
163
92
43
55
56
45
105
69
196
144
149
158
152
201
66
168
172
106
87
52
55
58
161
154
202
63
167
174
108
55
49
50
167
163
155
203
60
165
176
169
53
46
48
202
85
87
158
166
166
165
179
173
50
44
46
165
87
159
164
166
164
180
173
48
45
45
179
87
161
162
167
162
182
175
46
43
40
86
87
87
161
207
161
185
177
44
41
38
86
105
105
157
205
157
58
105
39
32
32
105
108
108
156
207
156
88
108
35
27
27
89
31
107
87
87
156
209
156
108
27
32
27
87
88
22
87
87
155
211
155
87
60
29
22
87
155
89
89
155
213
155
89
61
27
155
89
214
56
89
89
155
56
155
89
62
25
155
89
24
111
108
108
190
108
190
108
45
17
190
16
108
119
190
53
108
157
134
118
151
65
126
118
59
14
151
14
95
134
118
118
65
126
118
59
14
151
12
137
119
119
67
127
119
63
12
150
134
63
133
115
115
63
57
115
59
20
188
170
54
114
113
169
221
123
97
122
398
174
219
195
278
123
368
348
348
118
398
174
118
365
169
341
189
113
308
213
120
120
137
357
153
118
112
91
32
53
138
43
120
120
137
132
298
128
136
127
171
345
200
146
132
214
132
222
393
367
116
167
500
222
171
345
345
145
393
296
393
398
393
207
500
393
145
437
156
167
156
261
199
374
378
41
160
241
39
203
473
418
341
345
240
268
268
130
210
268
241
320
268
500
130
241
143
123
123
36
144
106
36
106
126
123
38
150
156
121
121
33
145
105
36
105
125
121
37
156
120
33
34
147
104
34
104
125
120
147
157
117
30
31
149
101
31
101
125
117
100
158
115
28
29
154
99
29
99
125
115
115
116
113
110
23
25
152
110
25
95
116
110
157
109
165
105
18
18
105
105
18
90
116
105
174
126
126
141
104
124
103
16
103
103
103
17
89
119
103
14
123
125
100
14
100
16
100
14
125
113
100
93
91
97
13
97
13
97
11
147
111
97
90
11
180
362
289
376
353
190
243
500
180
165
173
137
191
329
166
319
360
319
173
229
273
273
173
81
77
278
91
189
278
189
319
91
91
189
278
189
189
278
195
284
283
133
273
202
195
500
288
327
288
77
500
283
87
297
283
285
287
193
32
323
253
193
203
323
204
304
208
353
304
203
61
500
40
205
293
280
280
16
350
201
201
261
70
500
67
217
304
290
272
50
360
211
201
207
212
201
78
330
304
259
216
201
197
207
197
321
201
207
207
290
322
336
49
295
321
198
309
295
223
335
194
224
194
224
194
295
194
295
335
60
58
223
100
162
90
68
206
206
60
500
200
60
200
328
500
200
200
200
68
72
51
210
333
500
215
500
210
72
210
359
301
210
223
223
298
215
359
210
210
215
371
330
298
210
256
500
281
290
210
221
387
236
210
331
331
500
331
311
233
210
229
330
32
210
330
330
500
500
307
233
308
210
395
199
325
500
210
224
295
249
72
56
30
228
173
173
131
97
88
66
95
63
313
64
313
137
387
317
313
212
208
142
64
201
313
186
194
201
63
47
42
31
30
47
34
113
33
208
96
54
201
201
221
42
305
201
47
201
46
46
297
163
298
20
58
163
196
312
186
298
312
312
238
226
226
58
186
42
312
196
162
42
196
500
148
468
312
196
136
154
12
178
22
21
18
21
185
95
232
21
31
289
454
170
22
137
196
198
171
127
11
13
11
153
11
153
14
180
93
11
171
179
10
15
127
145
371
165
278
147
146
147
193
172
131
16
172
219
147
16
16
194
415
194
350
86
4
500
500
4
100
500
203
500
242
364
348
7
154
169
276
169
276
364
7
215
500
230
169
86
205
169
500
7
169
93
146
224
353
217
161
153
145
153
146
157
161
353
464
244
161
266
500
263
145
161
488
500
500
266
191
351
464
145
145
500
161
298
217
145
138
53
123
145
56
145
36
145
138
73
140
58
120
147
138
130
98
66
137
68
137
27
137
130
135
73
103
135
129
124
35
99
131
76
131
21
131
124
77
136
126
67
99
134
73
134
23
134
126
135
127
124
117
80
101
124
87
124
15
124
117
93
128
122
74
100
129
90
129
19
129
122
113
103
81
119
111
74
111
37
111
103
106
121
84
112
82
139
77
116
136
106
82
133
113
106
113
120
113
106
94
109
118
91
108
109
110
98
91
100
105
100
105
110
105
98
112
107
166
111
110
98
85
104
173
92
131
92
115
92
85
122
105
95
90
92
161
97
119
97
102
97
90
103
97
86
109
128
98
104
135
91
86
79
136
114
122
144
86
74
86
79
116
117
106
133
82
83
105
83
284
68
176
68
222
341
75
188
68
68
93
141
110
72
72
73
76
87
68
154
87
71
72
71
141
122
248
59
59
59
368
59
66
75
59
59
78
131
61
90
61
76
76
406
61
474
76
61
68
61
76
61
61
61
61
61
63
47
63
47
486
47
47
54
47
47
47
47
47
37
265
63
47
265
47
143
63
47
47
54
47
47
143
47
47
47
56
40
56
40
48
29
40
47
40
40
64
68
40
68
40
40
56
40
105
105
109
26
42
26
109
13
26
33
26
26
22
22
465
22
465
22
22
22
22
22
22
22
22
39
39
55
39
237
55
39
45
39
39
57
55
209
55
39
47
40
44
31
47
39
31
47
31
31
38
31
31
36
146
146
31
181
31
47
31
33
31
31
31
106
94
39
161
23
39
33
23
39
98
23
30
23
33
39
19
19
19
500
379
95
80
64
158
80
442
88
17
32
27
17
32
92
32
23
17
32
18
16
162
16
162
31
32
53
16
31
15
24
19
24
24
24
24
24
15
24
15
15
15
12
168