
279
156
290
278
454
237
215
115
201
381
276
152
286
277
454
236
236
111
200
379
274
147
500
197
193
243
208
176
278
242
287
164
500
193
189
223
204
192
296
230
283
160
500
185
181
232
195
298
292
390
385
152
232
194
207
117
193
191
284
194
437
148
228
500
254
109
148
500
109
500
99
140
217
197
252
187
322
377
238
500
109
150
185
206
242
175
314
379
248
500
173
152
187
208
235
173
249
275
249
146
166
156
100
212
228
147
254
306
254
438
159
157
179
396
220
308
255
308
284
442
151
159
188
403
505
494
257
183
183
139
143
346
362
219
500
491
260
175
175
191
136
353
369
471
489
265
322
167
167
207
332
365
406
278
58
278
178
376
121
211
289
378
289
132
347
150
168
394
275
500
302
390
302
144
359
162
171
396
357
489
299
388
299
143
357
427
177
427
356
490
305
175
257
335
97
362
180
163
405
484
463
106
239
345
106
371
193
127
168
134
108
202
91
351
390
374
202
100
162
142
99
210
99
239
420
382
193
111
152
155
180
373
447
500
420
385
200
87
149
153
184
376
451
500
419
389
203
203
146
150
184
377
450
500
417
389
194
201
143
147
87
379
423
473
417
390
198
197
141
144
87
379
416
474
416
390
198
195
143
143
87
382
413
473
413
393
201
192
141
139
87
87
413
500
413
396
202
190
139
136
97
97
409
500
409
370
97
185
131
131
97
97
407
500
407
374
97
181
125
125
87
87
407
500
407
190
125
178
125
87
87
87
406
500
406
87
159
175
121
87
89
89
406
500
406
89
147
173
406
89
89
89
406
186
406
89
158
171
406
89
117
117
409
117
409
117
127
163
409
162
246
105
402
118
336
105
140
160
402
160
247
120
120
113
336
120
135
160
402
158
249
107
107
121
337
107
144
158
400
280
247
117
117
113
315
117
136
20
403
282
252
123
102
118
314
123
278
53
398
278
169
341
189
113
308
213
266
266
387
357
161
333
181
145
128
205
266
266
387
351
171
345
200
146
132
214
132
222
393
367
199
374
378
133
160
241
131
203
473
418
314
373
377
126
500
241
128
241
261
417
380
370
374
125
500
239
126
239
260
414
380
370
118
123
500
238
123
238
260
414
381
366
114
120
500
235
120
235
260
409
382
364
112
117
500
145
117
232
260
409
329
359
107
113
500
376
113
228
257
402
181
354
101
106
354
372
106
222
257
398
307
352
99
352
352
368
105
220
260
396
308
349
97
349
336
365
102
308
260
391
362
346
333
346
333
362
99
319
258
388
364
346
359
346
359
362
3
315
364
390
500
176
181
360
166
286
424
313
173
374
233
178
278
364
189
278
189
319
335
377
221
131
274
354
192
274
282
280
183
199
229
500
283
359
297
283
285
287
193
304
218
500
193
205
293
280
280
293
350
201
224
500
205
217
304
290
272
304
360
211
228
296
322
201
310
296
224
336
196
236
219
295
321
198
309
295
223
335
194
224
216
216
322
328
302
288
204
200
200
216
220
223
298
210
333
500
215
500
210
223
290
305
296
250
349
500
387
500
253
236
229
330
286
210
330
330
500
500
307
233
190
298
284
215
337
337
240
313
216
222
189
341
313
201
323
323
236
327
212
239
172
287
50
52
172
181
222
195
201
310
163
298
43
58
163
196
312
186
298
312
462
501
35
178
158
142
36
181
492
296
454
133
13
27
503
133
503
173
493
287
465
371
165
278
493
146
493
193
505
305
86
164
500
500
157
100
500
203
500
242
93
146
224
353
217
161
191
145
501
146
249
138
172
449
500
229
179
291
505
138
242
130
396
165
500
239
169
282
504
130
237
124
203
479
500
246
163
276
498
124
240
126
137
479
500
242
166
278
500
126
232
117
148
482
510
255
154
267
491
117
236
122
142
480
509
240
160
274
496
122
221
103
156
495
504
222
147
81
477
103
299
106
155
493
506
196
146
493
480
106
287
98
165
272
507
190
138
287
472
98
288
85
178
392
508
256
123
386
459
85
454
90
169
384
504
260
132
377
464
90
445
79
169
288
214
165
121
137
453
79
284
68
176
68
222
341
113
188
68
68
248
59
59
59
368
59
104
449
59
59
500
47
437
47
486
47
47
92
47
47
500
40
425
40
141
127
40
80
40
40
443
26
416
26
490
113
26
68
26
26
39
39
428
39
472
476
39
83
39
39
31
387
107
31
89
31
31
75
31
31
23
384
100
23
85
207
23
68
23
100
17
377
93
17
78
200
440
61
17
78
15
369
84
369
71
369
432
71
15
71