
0.067474
0.046679
0.069495
0.005438
0.006337
0.007414
0.011265
0.014061
0.012355
0.007188
0.015524
0.035899
0.008453
0.013485
0.012562
0.056719
0.042387
0.007486
0.012166
0.013006
0.011009
0.016393
0.026256
0.027025
0.009848
0.012736
0.006961
0.008127
0.00926
0.049712
0.008957
0.029319
0.009852
0.012086
0.01799
0.011591
0.039432
0.054916
0.012186
0.00645
0.01041
0.005881
0.006494
0.003915
0.008189
0.038694
0.014635
0.015659
0.008761
0.010994
0.038806
0.008203
0.061799
0.039666
0.029892
0.031515
0.011711
0.013522
0.0068
0.010407
0.009765
0.019921
0.039416
0.008902
0.01529
0.025802
0.007001
0.007885
0.008042
0.040445
0.007381
0.02131
0.008735
0.00902
0.043444
0.011264
0.012736
0.017778
0.004491
0.008981
0.005264
0.0154
0.009013
0.021427
0.03944
0.021106
0.063703
0.011969
0.049288
0.023757
0.011244
0.006749
0.019231
0.009742
0.012176
0.010484
0.008938
0.009141
0.007637
0.007896
0.008707
0.008739
0.009639
0.007437
0.038623
0.007562
0.015447
0.012152
0.030057
0.051824
0.006591
0.049638
0.011576
0.014058
0.024678
0.010958
0.006194
0.007391
0.004194
0.007801
0.011364
0.010032
0.015955
0.00697
0.018795
0.042331
0.015191
0.017645
0.023525
0.027357
0.011405
0.021801
0.012875
0.012758
0.012345
0.007746
0.048276
0.029039
0.014651
0.036404
0.034023
0.02063
0.013523
0.007234
0.006515
0.014287
0.031978
0.017629
0.024911
0.025366
0.011825
0.005918
0.011823
0.019478
0.011091
0.032617
0.021492
0.009751
0.027658
0.013748
0.023759
0.013413
0.011279
0.019456
0.0186
0.059443
0.009824
0.009231
0.008683
0.003883
0.006201
0.004685
0.006868
0.002278
0.010751
0.005618
0.016248
0.007343
0.009061
0.025787
0.012122
0.009651
0.008694
0.003827
0.026427
0.007831
0.019085
0.005935
0.036628
0.023928
0.032511
0.006468
0.016543
0.017535
0.005169
0.018209
0.085379
0.004552
0.005663
0.01097
0.002092
0.005732
0.045368
0.020633
0.006788
0.003311
0.025768
0.017774
0.048614
0.023541
0.030782
0.009818
0.011421
0.007924
0.024264
0.005974
0.005594
0.009855
0.00914
0.020395
0.01057
0.01695
0.006208
0.008516
0.006649
0.012815
0.016079
0.018082
0.013427
0.012757
0.017008
0.004075
0.008932
0.0152
0.010361
0.01172
0.031609
0.010726
0.013927
0.012346
0.004648
0.005906
0.010881
0.011651
0.014501
0.007486
0.004769
0.010491
0.014432
0.004415
0.006652
0.006616
0.003072
0.027526
0.024265
0.056576
0.006355
0.007498
0.014554
0.015735
0.020307
0.009757
0.004563
0.013449
0.015761
0.008333
0.007151
0.009997
0.012629
0.022246
0.003986
0.008772
0.028507
0.009395
0.013409
0.010355
0.00981
0.008844
0.004473
0.00478
0.012127
0.003973
0.010131
0.015169
0.010293
0.009368
0.009447
0.016115
0.009899
0.020041
0.03471
0.020681
0.016794
0.004454
0.009858
0.005041
0.00708
0.007145
0.018168
0.021155
0.008162
0.023107
0.009849
0.019486
0.014011
0.009551
0.008986
0.012574
0.017634
0.00504
0.020075
0.004278
0.013225
0.005152
0.006926
0.009957
0.006658
0.029002
0.010059
0.043883
0.032119
0.009061
0.006494
0.003622
0.004732
0.007694
0.008595
0.017934
0.025603
0.010568
0.006258
0.003958
0.031844
0.008385
0.012382
0.008617
0.008919
0.010463
0.004045
0.029683
0.009905
0.013488
0.026552
0.008839
0.025386
0.009491
0.042356
0.012536
0.023183
0.024401
0.06368
0.01212
0.002876
0.003704
0.002708
0.004587
0.011314
0.004798
0.021498
0.004565
0.016877
0.009297
0.004339
0.011724
0.011932
0.019888
0.005823
0.005436
0.009454
0.021664
0.026044
0.022636
0.014253
0.00903
0.005482
0.014808
0.008675
0.070745
0.012658
0.010453
0.002905
0.009608
0.004998
0.00534
0.006254
0.023815
0.02376
0.010783
0.029174
0.020483
0.023042
0.029029
0.016288
0.006927
0.004817
0.004726
0.016616
0.00388
0.008359
0.007533
0.006386
0.004983
0.013286
0.005917
0.056823
0.029305
0.010942
0.022762
0.008947
0.005087
0.011274
0.014336
0.010377
0.011933
0.01103
0.012999
0.026039
0.010768
0.012109
0.013566
0.004094
0.021624
0.025913
0.060226
0.048509
0.011882
0.003201
0.004963
0.009998
0.014364
0.006286
0.004682
0.008827
0.015876
0.018069
0.00939
0.006559
0.012529
0.003063
0.016933
0.005607
0.008602
0.046931
0.005942
0.00388
0.012097
0.006783
0.013752
0.010732
0.003136
0.007734
0.011089
0.005876
0.016008
0.010114
0.011097
0.010482
0.010421
0.003346
0.020517
0.007081
0.006143
0.014959
0.00566
0.008946
0.007024
0.00363
0.019876
0.021034
0.016423
0.019643
0.02426
0.003886
0.004753
0.005094
0.010813
0.004846
0.006026
0.012563
0.015048
0.016492
0.019246
0.006802
0.015401
0.002983
0.020958
0.020804
0.008111
0.004812
0.013675
0.008913
0.00854
0.008269
0.023763
0.00963
0.016157
0.005965
0.006617
0.012718
0.010432
0.00471
0.004817
0.003794
0.025917
0.002799
0.004927
0.00967
0.040508
0.018804
0.067167
0.007005
0.004198
0.003305
0.007241
0.011848
0.00855
0.016903
0.004903
0.005874
0.006586
0.053754
0.024741
0.016924
0.0123
0.020132
0.021259
0.007844
0.003731
0.005794
0.004084
0.007015
0.006956
0.00468
0.009139
0.018122
0.011681
0.009729
0.007226
0.006989
0.010969
0.013539
0.003559
0.008718
0.006336
0.004489
0.003253
0.00815
0.024902
0.015775
0.061796
0.027766
0.004089
0.01603
0.013997
0.019279
0.007845
0.007636
0.013023
0.005005
0.013213
0.005124
0.008141
0.010435
0.009968
0.00562
0.01983
0.008969
0.022243
0.007393
0.013001
0.004108
0.005955
0.018292
0.012429
0.010908
0.003559
0.008423
0.006195
0.004938
0.007857
0.02511
0.041628
0.006571
0.008161
0.018034
0.025755
0.053355
0.025468
0.01698
0.007474
0.004202
0.009556
0.010043
0.002891
0.009476
0.006131
0.028176
0.009298
0.006022
0.00535
0.010946
0.02044
0.021829
0.036001
0.016088
0.011965
0.031029
0.004637
0.009782
0.033402
0.015882
0.013331
0.009916
0.018209
0.026601
0.037043
0.008736
0.005492
0.016281
0.014782
0.010597
0.007463
0.00321
0.011402
0.011707
0.008223
0.007563
0.03991
0.009463
0.00804
0.02157
0.013392
0.005692
0.005821
0.002711
0.007859
0.023137
0.019679
0.026737
0.025949
0.003421
0.003039
0.00556
0.01363
0.018365
0.020436
0.008256
0.003262
0.002795
0.004598
0.003925
0.015754
0.013421
0.005589
0.006659
0.002945
0.007893
0.01906
0.024697
0.016631
0.02046
0.017697
0.00943
0.006493
0.006409
0.004055
0.005265
0.009031
0.02286
0.012362
0.011598
0.010267
0.006045
0.008577
0.011395
0.015092
0.026028
0.058167
0.033778
0.030805
0.004055
0.002881
0.003258
0.006074
0.014424
0.014572
0.002927
0.008682
0.023739
0.00507
0.003313
0.015288
0.004352
0.005637
0.004176
0.003892
0.019719
0.028747
0.003841
0.007043
0.004657
0.008751
0.014359
0.027869
0.025415
0.0107
0.008678
0.004974
0.024489
0.0213
0.009518
0.007747
0.029706
0.031914
0.00476
0.009374
0.026285
0.0114
0.003638
0.003203
0.011537
0.002703
0.050432
0.020634
0.012061
0.003719
0.014011
0.008926
0.017203
0.015667
0.029239
0.043712
0.021988
0.002854
0.005969
0.017185
0.013556
0.028437
0.012901
0.007729
0.012363
0.007139
0.004292
0.006485
0.006409
0.017978
0.012369
0.00384
0.009176
0.004676
0.007172
0.014335
0.018348
0.028526
0.016844
0.009186
0.020869
0.032083
0.012707
0.029459
0.028864
0.002801
0.003456
0.007716
0.013188
0.004277
0.006063
0.006241
0.015258
0.011743
0.008305
0.003254
0.013379
0.009382
0.020796
0.038082
0.008159
0.01713
0.004305
0.003392
0.004659
0.004261
0.024594
0.018951
0.006642
0.004725
0.011732
0.0114
0.003196
0.003541
0.002549
0.003776
0.00384
0.00416
0.027736
0.013928
0.003482
0.006148
0.006979
0.008086
0.037809
0.015956
0.003964
0.017868
0.008383
0.009735
0.011426
0.01955
0.022968
0.015033
0.012118
0.013689
0.00545
0.025234
0.008404
0.004241
0.004749
0.004443
0.008751
0.003471
0.004582
0.003201
0.014847
0.014577
0.014055
0.007378
0.005406
0.012768
0.005663
0.016417
0.01793
0.006719
0.013854
0.023361
0.021692
0.009958
0.005127
0.002937
0.002699
0.011394
0.00575
0.005891
0.002963
0.007041
0.005381
0.00387
0.004182
0.007744
0.004923
0.00404
0.014639
0.006042
0.018653
0.007118
0.005244
0.004193
0.004798
0.014502
0.007228
0.006838
0.00334
0.002847
0.00737
0.010214
0.005129
0.005541
0.006248
0.012851
0.009725
0.012047
0.006295
0.027803
0.008666
0.020259
0.017434
0.002028
0.0093
0.015256
0.00369
0.005252
0.025326
0.014681
0.004327
0.007264
0.016585
0.012936
0.003132
0.008228
0.010556
0.009533
0.003437
0.004707
0.035385
0.004999
0.00439
0.007229
0.004887
0.006078
0.036706
0.009
0.006443
0.004937
0.006317
0.005348
0.004069
0.011096
0.009938
0.007139
0.00854
0.004046
0.00559
0.009563
0.003553
0.003646
0.008917
0.003809
0.002972
0.004737
0.014248
0.011943
0.03807
0.014675
0.003927
0.008917
0.00492
0.004724
0.002771
0.010853
0.007147
0.005475
0.009151
0.008195
0.004374
0.004163
0.002619
0.002931
0.015724
0.01683
0.004181
0.006105
0.004486
0.009549
0.008592
0.009793
0.00318
0.002634
0.010399
0.004844
0.006565
0.006334
0.037574
0.005066
0.016544
0.012635
0.003411
0.003853
0.006386
0.006913
0.006036
0.003582
0.00429
0.020599
0.036438
0.008169
0.008399
0.019651
0.024975
0.004111
0.010954
0.008151
0.003354
0.011938
0.016533
0.007443
0.00479
0.002224
0.002721
0.004884
0.002568
0.009205
0.004937
0.011725
0.005776
0.015377
0.012581
0.005857
0.002897
0.009983
0.008316
0.00876
0.008808
0.015624
0.016822
0.016559
0.020378
0.014056
0.021827
0.004594
0.003139
0.005275
0.014301
0.009211
0.006949
0.011066
0.00743
0.013126
0.009393
0.004134
0.015319
0.004428
0.008373
0.007625
0.005217
0.002814
0.005015
0.003916
0.0028
0.012578
0.010905
0.007677
0.007312
0.008315
0.002503
0.004809
0.014165
0.00635
0.013089
0.014256
0.00361
0.018029
0.00546
0.007731
0.012557
0.010936
0.002437
0.005575
0.008704
0.003184
0.015057
0.006901
0.01572
0.004918
0.002732
0.00437
0.015068
0.024736
0.007456
0.01624
0.021334
0.008537
0.011432
0.010625
0.007964
0.007734
0.002836
0.003804
0.023187
0.011827
0.012371
0.01696
0.005612
0.005855
0.013455
0.020202
0.010274
0.007308
0.076205
0.020542
0.005623
0.00372
0.006176
0.006913
0.0166
0.017533
0.008122
0.017545
0.014019
0.021545
0.009499
0.011661
0.007301
0.020609
0.021986
0.003367
0.005641
0.016113
0.025085
0.00923
0.003809
0.009347
0.010692
0.007679
0.010729
0.002626
0.0031
0.008661
0.005462
0.005931
0.005087
0.016508
0.005523
0.00458
0.004208
0.011293
0.030318
0.005246
0.005334
0.005423
0.021439
0.081987
0.013106
0.013407
0.017147
0.018066
0.024696
0.00481
0.012395
0.013634
0.003192
0.011605
0.004491
0.010908
0.027169
0.016717
0.002547
0.004226
0.005379
0.009366
0.017928
0.020949
0.006538
0.006167
0.02422
0.010816
0.002948
0.002377
0.003871
0.0149
0.016811
0.016271
0.012743
0.014718
0.012243
0.012153
0.012425
0.034905
0.020899
0.013724
0.009545
0.008889
0.011052
0.006143
0.009957
0.019315
0.003789
0.006016
0.013764
0.01469
0.025543
0.027873
0.03021
0.030853
0.018014
0.008017
0.048971
0.022656
0.004575
0.005907
0.003908
0.026567
0.006503
0.0121
0.009315
0.014533
0.00922
0.00491
0.013573
0.020329
0.010474
0.011989
0.01881
0.013106
0.013127
0.023472
0.015745
0.021932
0.004793
0.016261
0.018153
0.009397
0.019121
0.011234
0.007141
0.019992
0.005918
0.063952
0.0073
0.015797
0.019722
0.005248
0.01222
0.010415
0.018244
0.015729
0.003456
0.011935
0.006085
0.006099
0.019373
0.005387
0.003504
0.00718
0.016118
0.024479
0.02554
0.039189
0.013277
0.026045
0.007767
0.008588
0.007701
0.009821
0.011796
0.014176
0.028774
0.011094
0.011033
0.004286
0.002973
0.003752
0.011802
0.014175
0.003576
0.002684
0.004864
0.0057
0.024725
0.011373
0.020678
0.004852
0.009406
0.019703
0.004526
0.004322
0.021055
0.017008
0.007932
0.016281
0.003628
0.004766
0.091954
0.016636
0.019656
0.019652
0.018265
0.018013
0.004232
0.01635
0.011454
0.008015
0.002855
0.016915
0.016848
0.017105
0.00377
0.00619
0.009109
0.007483
0.007787
0.00454
0.010229
0.003611
0.008195
0.023244
0.013185
0.02224
0.016724
0.015088
0.00501
0.013023
0.021287
0.011217
0.02087
0.014565
0.025061
0.006046
0.007232
0.018391
0.010083
0.016468
0.023473
0.030202
0.013875
0.004424
0.002583
0.084282
0.006169
0.009239
0.006425
0.015965
0.004578
0.004784
0.002358
0.006463
0.010946
0.019037
0.039949
0.019703
0.008849
0.009296
0.015726
0.026152
0.00992
0.013663
0.006221
0.028062
0.0102
0.017962
0.004113
0.010389
0.006258
0.010363
0.007424
0.017412
0.013366
0.020445
0.015794
0.016008
0.015455
0.005106
0.097489
0.006219
0.013319
0.007639
0.005804
0.012246
0.013196
0.00765
0.004308
0.019144
0.015838
0.007346
0.00553
0.021949
0.025515
0.019701
0.016739
0.030679
0.004915
0.009272
0.023487
0.022721
0.013265
0.067442
0.019728
0.010548
0.005622
0.006899
0.003202
0.008426
0.01109
0.007411
0.003101
0.002795
0.017233
0.019545
0.014902
0.011422
0.002337
0.004233
0.011984
0.008814
0.05489
0.004217
0.006008
0.00828
0.010569
0.010578
0.014256
0.014878
0.001712
0.018298
0.0057