
0.138667
0.002541
0.001905
0.002376
0.002552
0.003114
0.002381
0.003173
0.003264
0.002321
0.002494
0.003467
0.00227
0.002469
0.002812
0.002782
0.002361
0.004583
0.002567
0.002815
0.002792
0.003212
0.003079
0.002751
0.003091
0.003246
0.003104
0.0024
0.003296
0.00313
0.00384
0.002203
0.002535
0.003894
0.004004
0.002348
0.003549
0.003722
0.002945
0.003889
0.002504
0.003064
0.003894
0.003134
0.002317
0.003033
0.002933
0.002942
0.002864
0.002486
0.003233
0.002478
0.002195
0.003676
0.002537
0.003409
0.002054
0.004025
0.002198
0.003193
0.002591
0.002836
0.003848
0.003145
0.003572
0.002618
0.00239
0.005433
0.002724
0.002627
0.002836
0.003722
0.002846
0.002409
0.002557
0.002476
0.00336
0.002701
0.004639
0.002764
0.003471
0.003108
0.00312
0.007665
0.002656
0.007144
0.003058
0.002837
0.002132
0.003876
0.002489
0.003208
0.002956
0.004083
0.002607
0.003402
0.003952
0.003673
0.002457
0.002752
0.002677
0.002396
0.002422
0.003437
0.002563
0.002814
0.002389
0.003275
0.002321
0.004727
0.003109
0.002255
0.003769
0.002269
0.003184
0.002443
0.002621
0.002475
0.005491
0.002928
0.002988
0.002863
0.002813
0.003017
0.002306
0.002239
0.002883
0.003269
0.003109
0.002392
0.003073
0.002706
0.003281
0.002275
0.003033
0.003196
0.002317
0.003104
0.003382
0.002706
0.002762
0.002124
0.00231
0.004291
0.002549
0.00264
0.002627
0.002281
0.002577
0.002613
0.004314
0.002244
0.002395
0.003654
0.003388
0.003261
0.003283
0.002144
0.003124
0.002633
0.003245
0.003377
0.005129
0.00264
0.003067
0.003224
0.00271
0.003999
0.003314
0.002784
0.002365
0.002791
0.003262
0.002823
0.002695
0.002524
0.002722
0.00552
0.003666
0.002551
0.002352
0.002593
0.003563
0.002915
0.002888
0.002786
0.002567
0.002384
0.003287
0.003141
0.00284
0.00329
0.002238
0.002829
0.003913
0.002677
0.002188
0.002672
0.003181
0.00329
0.002977
0.003126
0.003236
0.002735
0.003591
0.004451
0.003569
0.002708
0.003109
0.002546
0.003495
0.003128
0.004242
0.003963
0.002785
0.003203
0.002073
0.002302
0.001976
0.002492
0.004337
0.003065
0.002943
0.002997
0.002584
0.002563
0.002885
0.002808
0.002639
0.003758
0.002581
0.002143
0.002741
0.002696
0.002471
0.004182
0.002982
0.002504
0.002608
0.004015
0.003127
0.003889
0.002731
0.002308
0.002927
0.003137
0.002555
0.002194
0.002632
0.003611
0.002514
0.003653
0.003243
0.003582
0.002658
0.003499
0.002127
0.002796
0.003522
0.002254
0.002869
0.002478
0.003549
0.005575
0.003857
0.003379
0.002955
0.002697
0.00289
0.002937
0.003148
0.002188
0.004142
0.002169
0.003024
0.002068
0.002621
0.003473
0.005639
0.003427
0.00253
0.002912
0.00374
0.002484
0.002575
0.002761
0.002439
0.004719
0.003182
0.007501
0.002959
0.002806
0.002866
0.002509
0.003823
0.002885
0.002708
0.002858
0.006148
0.002477
0.00285
0.002886
0.002943
0.003969
0.0037
0.002981
0.003065
0.003231
0.003416
0.004278
0.00205
0.004297
0.003336
0.003433
0.00376
0.003152
0.002704
0.002507
0.003341
0.002925
0.002546
0.002352
0.002724
0.003211
0.003552
0.002338
0.002056
0.003878
0.002005
0.002937
0.003221
0.002638
0.002378
0.00257
0.002544
0.002407
0.002872
0.002931
0.002552
0.003047
0.002425
0.00306
0.003302
0.004443
0.00335
0.002767
0.006489
0.002611
0.002699
0.002469
0.002645
0.002646
0.002862
0.002807
0.002649
0.007128
0.003525
0.003126
0.003748
0.003663
0.002213
0.003261
0.002703
0.002967
0.002704
0.003945
0.003524
0.002633
0.00213
0.002963
0.004542
0.003053
0.002274
0.003856
0.003737
0.002934
0.002456
0.003027
0.002942
0.003782
0.002819
0.002861
0.003822
0.004198
0.002883
0.002755
0.003715
0.004727
0.004726
0.003607
0.002663
0.002733
0.003056
0.004076
0.00278
0.002957
0.00371
0.003196
0.003295
0.004205
0.003163
0.00259
0.002051
0.003727
0.002944
0.004309
0.002562
0.002322
0.003165
0.004656
0.005678
0.004235
0.003496
0.00218
0.005856
0.002733
0.002897
0.002698
0.003319
0.002618
0.002313
0.004356
0.003938
0.002641
0.003671
0.003008
0.00373
0.003238
0.003304
0.002899
0.002386
0.00361
0.00254
0.002937
0.002789
0.003631
0.003249
0.003005
0.00414
0.004314
0.003123
0.002419
0.00247
0.00335
0.003131
0.004676
0.003763
0.002267
0.004544
0.002447
0.00239
0.003381
0.002688
0.002535
0.003995
0.00235
0.003059
0.003048
0.003302
0.003986
0.00386
0.002621
0.002473
0.003144
0.002816
0.002899
0.002871
0.003066
0.002374
0.003084
0.002752
0.003769
0.00295
0.002271
0.00281
0.004035
0.004143
0.003033
0.003538
0.003509
0.002874
0.003257
0.006275
0.003671
0.003899
0.002966
0.002901
0.002966
0.003792
0.002415
0.003218
0.002776
0.002867
0.002917
0.004025
0.003145
0.003017
0.002896
0.003733
0.002813
0.004186
0.002605
0.00295
0.002986
0.002709
0.004872
0.003502
0.002375
0.003252
0.003478
0.002499
0.002695
0.002996
0.002775
0.002823
0.004821
0.00343
0.002483
0.004051
0.002642
0.002862
0.004994
0.002719
0.004423
0.004428
0.002379
0.002595
0.003071
0.003475
0.002254
0.004074
0.002787
0.002793
0.003642
0.003761
0.002494
0.002723
0.003254
0.002161
0.003546
0.002576
0.003
0.002316
0.002441
0.003222
0.002549
0.003111
0.003167
0.003367
0.002098
0.002418
0.003407
0.002606
0.00233
0.002775
0.002718
0.004943
0.003011
0.004922
0.003345
0.003226
0.003656
0.004922
0.005012
0.002499
0.002733
0.003949
0.003608
0.002776
0.004344
0.002768
0.003356
0.002645
0.003077
0.002679
0.003001
0.002222
0.002391
0.002789
0.003021
0.004335
0.002301
0.002819
0.003958
0.003267
0.002385
0.003562
0.002187
0.002683
0.002568
0.00389
0.002707
0.003091
0.002616
0.002138
0.003684
0.003531
0.003713
0.004168
0.002686
0.004716
0.002381
0.00268
0.002524
0.002932
0.003422
0.002443
0.002614
0.004152
0.002474
0.003317
0.003649
0.003416
0.004495
0.004905
0.00264
0.005726
0.004828
0.00236
0.003213
0.003264
0.003286
0.003167
0.003506
0.006634
0.006341
0.004689
0.002509
0.003552
0.003852
0.003535
0.004103
0.003337
0.003156
0.003563
0.003005
0.00261
0.003641
0.002256
0.003234
0.004265
0.003977
0.002871
0.004772
0.002322
0.002927
0.003675
0.002877
0.003401
0.003266
0.002749
0.004733
0.003238
0.002667
0.002934
0.002846
0.002528
0.004429
0.003055
0.002811
0.003979
0.002647
0.003639
0.004577
0.004181
0.003178
0.003603
0.003886
0.003015
0.00369
0.003189
0.005134
0.003739
0.004808
0.002523
0.003447
0.004809
0.00296
0.003309
0.003494
0.002902
0.003048
0.002486
0.002982
0.003261
0.003676
0.002671
0.002352
0.004192
0.003586
0.002531
0.003191
0.003821
0.0035
0.005523
0.00308
0.00321
0.00318
0.0033
0.003621
0.003608
0.003106
0.003961
0.00445
0.003407
0.004254
0.004082
0.00337
0.002946
0.005203
0.003312
0.003606
0.002083
0.002308
0.002309
0.002583
0.002821
0.002143
0.002903
0.003619
0.002895
0.002721
0.002175
0.002793
0.004385
0.002192
0.003605
0.002167
0.003354
0.003604
0.002938
0.003353
0.002758
0.00248
0.004894
0.003236
0.002755
0.003845
0.002901
0.002949
0.003867
0.002775
0.003851
0.003131
0.003278
0.00354
0.003225
0.003471
0.003206
0.003322
0.003152
0.002555
0.002099
0.003827
0.004046
0.002499
0.003517
0.003691
0.002531
0.002423
0.004837
0.002541
0.003531
0.003541
0.002481
0.002874
0.004139
0.002938
0.004094
0.003999
0.002933
0.003543
0.005386
0.004175
0.002947
0.007367
0.00293
0.005996
0.002489
0.002502
0.002774
0.002669
0.002688
0.003102
0.003712
0.003461
0.002885
0.003732
0.002892
0.004203
0.002888
0.00304
0.004666
0.003505
0.003549
0.002582
0.004699
0.004548
0.003212
0.002965
0.003649
0.002897
0.00309
0.003481
0.003722
0.004221
0.003614
0.005545
0.003398
0.003406
0.003247
0.002486
0.003181
0.004623
0.003863
0.002618
0.003209
0.002945
0.002848
0.004101
0.002667
0.003404
0.002585
0.002947
0.002592
0.002675
0.004426
0.005452
0.00403
0.002386
0.003099
0.003024
0.00365
0.003844
0.002805
0.003097
0.002202
0.002586
0.003097
0.003387
0.00271
0.002683
0.002876
0.002663
0.003391
0.002992
0.003348
0.003052
0.003086
0.002747
0.002616
0.002867
0.002215
0.003055
0.003196
0.003344
0.003276
0.004337
0.002992
0.002403
0.002826
0.00256
0.004097
0.002766
0.003669
0.003014
0.002776
0.004356
0.007628
0.004198
0.005251
0.003058
0.005263
0.002985
0.004808
0.003261
0.003138
0.003893
0.005341
0.002405
0.002221
0.003827
0.003356
0.003055
0.002973
0.002711
0.002676
0.002772
0.002476
0.004097
0.004241
0.00263
0.002913
0.00309
0.004151
0.002667
0.004653
0.002364
0.002437
0.003082
0.003776
0.002384
0.003262
0.002699
0.003286
0.003171
0.005191
0.002769
0.002739
0.002945
0.003256
0.002459
0.002666
0.005819
0.003492
0.002641
0.004001
0.003197
0.003713
0.002847
0.003129
0.005359
0.004275
0.002445
0.002241
0.004106
0.002192
0.002221
0.003518
0.003051
0.003824
0.002315
0.002529
0.003813
0.00288
0.00359
0.003872
0.003483
0.002257
0.004488
0.002957
0.003367
0.003925
0.00559
0.002098
0.002949
0.00266
0.00294
0.003533
0.002039
0.003158
0.002722
0.003683
0.00284
0.002531
0.003525
0.003707
0.002112
0.003589
0.00262
0.002589
0.007658
0.005212
0.003974
0.003221
0.003841
0.003103
0.002549
0.00335
0.003198
0.00347
0.004973
0.004682
0.004508
0.003189
0.003448
0.003386
0.004057
0.003688
0.00244
0.002667
0.002242
0.002638
0.003654
0.002913
0.002637
0.004203
0.003993
0.003075
0.005582
0.002746
0.00251
0.002708
0.004217
0.002209
0.00311
0.00287
0.003277
0.004159
0.002434
0.002543
0.003243
0.003213
0.003794
0.003182
0.004748
0.002641
0.00224
0.003087
0.002588
0.004043
0.002896
0.002283
0.002915
0.002991
0.003995
0.002164
0.006213
0.002922
0.002795
0.002402
0.0035
0.003406
0.003286
0.002801
0.003129
0.002798
0.004071
0.002843
0.002349
0.002926
0.005761
0.002029
0.003328
0.002381
0.00338
0.002431
0.003028
0.002529
0.002374
0.004657
0.002341
0.00351
0.00408
0.004075
0.002215
0.002916
0.003336
0.002473
0.002898
0.00297
0.002845
0.002797
0.002058
0.002292
0.002422
0.003536
0.003808
0.003137
0.00284
0.003514
0.003369
0.003689
0.003212
0.005171
0.00225
0.002816
0.003124
0.004643
0.002031
0.003008
0.002364
0.002947
0.002749
0.005322
0.003811
0.00202
0.00284
0.002391
0.003966
0.005281
0.00272
0.00298
0.002932
0.003945
0.002293
0.004397
0.005262
0.003564
0.003515
0.002463
0.002935
0.002993
0.002259
0.002865
0.003123
0.003576
0.002762
0.005547
0.003051
0.002464
0.002834
0.002281
0.002334
0.003847
0.002618
0.002796
0.004182
0.002857
0.003431
0.006488
0.003135
0.002975
0.003717
0.002631
0.002855
0.003198
0.00271
0.00454
0.002883
0.003154
0.004575
0.003115
0.003798
0.002886
0.004226
0.002651
0.003312
0.003112
0.002629
0.003918
0.006474
0.002675
0.003935
0.002247
0.003585
0.003354
0.003003
0.002595
0.002945
0.005773
0.004193
0.004462
0.003044
0.002873
0.003193
0.003672
0.00351
0.003878
0.004132
0.003531
0.003264
0.002443
0.00317
0.004916
0.002876
0.003362
0.002813
0.004773
0.002354
0.002686
0.003511
0.003281
0.002853
0.003636
0.003062
0.002868
0.00256
0.003952
0.002416
0.003735
0.002922
0.004451
0.00215
0.004153
0.003268
0.003482
0.002953
0.005939
0.0031
0.002742
0.00333
0.004175
0.003083
0.002912
0.002846
0.003702
0.004641
0.004455
0.002858
0.003027
0.003573
0.003717
0.003657
0.002913
0.002275
0.003833
0.002831
0.003663
0.003985
0.004971
0.003331
0.00348
0.00264
0.003796
0.006481
0.002682
0.002635
0.003003
0.003137
0.003046
0.002848
0.003713
0.003861
0.003242
0.003583
0.005586
0.003537
0.002714
0.003283
0.003206
0.003167
0.003073
0.002068
0.002971
0.002685
0.002876
0.002688
0.003798
0.002775
0.002374
0.003106
0.003001
0.002357
0.003235
0.005293
0.002491
0.002618
0.005567
0.004432
0.00305
0.002613
0.003389
0.004
0.00365
0.003238
0.003445
0.002246
0.004249
0.003144
0.002915
0.002349
0.002788
0.003594
0.003266
0.004498
0.002742
0.002807
0.003523
0.002245
0.002835
0.003167
0.002581
0.004175
0.003577
0.003622
0.004497
0.003837
0.002983
0.003736
0.002417
0.002424
0.004187
0.002766
0.004146
0.002609
0.002952
0.003003
0.002437
0.003303
0.002839
0.003329
0.003083
0.003911
0.003541
0.006698
0.003222
0.003325
0.002536
0.003037
0.002745
0.00332
0.002458
0.004175
0.002921
0.002641
0.002695
0.004761
0.0034
0.003267
0.004698
0.002396
0.004099
0.002919
0.004401
0.003061
0.003062
0.002196
0.003556
0.003315
0.002631
0.005073
0.002667
0.003679
0.003489
0.002385
0.00303
0.003001
0.004924
0.002675
0.003522
0.004067
0.002659
0.002627
0.002894
0.004395
0.003722
0.003585
0.00294
0.002808
0.002991
0.003383
0.002686
0.00358
0.002586
0.002552
0.003734
0.002783
0.004139
0.003481
0.00339
0.002736
0.002615
0.00241
0.003719
0.002376
0.00303
0.002933
0.002678
0.00317
0.003659
0.003239
0.005362
0.003282
0.003091
0.003077
0.002508
0.003363
0.002965
0.002613
0.0043
0.003843
0.003149
0.002292
0.002719
0.002722
0.002527
0.002409
0.002647
0.002677
0.00224
0.003267
0.003515
0.003023
0.002652
0.003521
0.004918
0.002933
0.002856
0.004958
0.005073
0.002668
0.002777
0.006024
0.002542
0.003999
0.002636
0.002923
0.003591
0.002823
0.00461
0.002901
0.004985
0.003179
0.003151
0.003221
0.00287
0.002423
0.003274
0.003613
0.002043
0.00307
0.003761
0.004382
0.003811
0.002121
0.003731
0.00296
0.003009
0.004066
0.00309
0.003658
0.003053
0.004008
0.002524
0.002902
0.00325
0.006536
0.002756
0.005826
0.002377
0.003495
0.004014
0.002937
0.002786
0.002974
0.005051
0.00266
0.003319
0.002897
0.003576
0.003334
0.002476
0.002781
0.003712
0.003747
0.00555
0.003368
0.003211
0.00328
0.002591
0.003568
0.003455
0.002378
0.003052
0.004009
0.004095
0.00299
0.002142
0.002452
0.003256
0.004326
0.003443
0.00386
0.002244
0.002877
0.003195
0.002518
0.005401
0.00256
0.002413
0.002836
0.004212
0.003281
0.002556
0.002993
0.002842
0.002602
0.003555
0.002618
0.002831
0.002487
0.003584
0.003408
0.002266
0.002795
0.002203
0.003269
0.002386
0.004078
0.002405
0.002943
0.003422
0.003253
0.003031
0.00256
0.003297
0.002446
0.003235
0.002685
0.003616
0.002957
0.002903
0.004017
0.002428
0.004197
0.004048
0.002645
0.004084
0.002356
0.002442
0.003036
0.002461
0.003745
0.003764
0.003027
0.00308
0.002159
0.004057
0.002289
0.00431
0.002269
0.003576
0.002895
0.003795
0.002499
0.002721
0.002925
0.002493
0.002617
0.004505
0.002231
0.00394
0.003584
0.00294
0.003614
0.005082
0.00377
0.00254
0.003309
0.003075
0.003816
0.002393
0.003569
0.002851
0.003185
0.002354
0.003538
0.002784
0.003519
0.002757
0.002843
0.002604
0.003229
0.002308
0.004209
0.004686
0.003205
0.002248
0.003312
0.003847
0.003233
0.002771
0.002696
0.002987
0.002769
0.002623
0.002622
0.00267
0.003586
0.003214
0.002838
0.004096
0.002711
0.004494
0.003437
0.00277
0.003126
0.006452
0.00286
0.002942
0.003113
0.003308
0.002198
0.003647
0.003316
0.002593
0.00378
0.003071
0.004062
0.003868
0.004307
0.003432
0.004321
0.003979
0.002197
0.002445
0.004866
0.003008
0.00361
0.002433
0.002553
0.002472
0.002634
0.002353
0.003976
0.003867
0.0026
0.00273
0.003916
0.002818
0.006281
0.002549
0.002949
0.00355
0.006235
0.003225
0.003287
0.004194
0.002826
0.002347
0.003324
0.003297
0.002547
0.003472
0.005046
0.002674
0.003635
0.004142
0.002941
0.003261
0.002514
0.002798
0.002773
0.002863
0.003148
0.002716
0.004255
0.004399
0.003908
0.006373
0.003133
0.003636
0.003057
0.003175
0.002423
0.004681
0.003054
0.004606
0.003253
0.002829
0.003119
0.002945
0.005057
0.003086
0.002452
0.003991
0.003781
0.002768
0.00315
0.003099
0.002596
0.00282
0.002789
0.00456
0.003344
0.004241
0.003476
0.003702
0.005163
0.002953
0.002606
0.004037
0.002935
0.002391
0.00317
0.002666
0.003624
0.002283
0.003267
0.002691
0.002343
0.002871
0.003227
0.002272
0.003246
0.003107
0.003201
0.002655
0.003091
0.00282
0.003573
0.002946
0.002855
0.002433
0.00427
0.003549
0.003798
0.003305
0.00335
0.002659
0.003181
0.002404
0.006353
0.002872
0.003015
0.002943
0.002924
0.002782
0.002335
0.002867
0.003287
0.004672
0.002744
0.003771
0.002834
0.002978
0.002605
0.003443
0.002814
0.003166
0.003583
0.004425
0.005673
0.004685
0.003018
0.005131
0.002718
0.003053
0.002565
0.002183
0.003347
0.002576
0.003699
0.002952
0.003161
0.004236
0.002869
0.002585
0.004528
0.002582
0.003807
0.003118
0.002673
0.003648
0.003594
0.003248
0.005384
0.00254
0.002893
0.004625
0.002354
0.002467
0.002589
0.00699
0.002677
0.00365
0.003212
0.002741
0.003894
0.002939
0.002466
0.002694
0.003668
0.002596
0.003152
0.004891
0.003941
0.004533
0.00318
0.002698
0.00356
0.003826
0.002914
0.003399
0.003862
0.002982
0.0035
0.005191
0.003446
0.002783
0.002718
0.002819
0.003617
0.003223
0.004102
0.004052
0.006341
0.002629
0.005311
0.00377
0.004374
0.002496
0.003531
0.003239
0.00502
0.003624
0.003547
0.004051
0.003883
0.006049
0.002969
0.00221
0.003721
0.002944
0.004902
0.003624
0.002387
0.003488
0.002503
0.003425
0.002814
0.002691
0.00305
0.0026
0.002847
0.00314
0.003633
0.004015
0.002741
0.004342
0.004635
0.003463
0.003229
0.002741
0.002712
0.003425
0.004635
0.002826
0.005484
0.002103
0.002953
0.00295
0.002982
0.004661
0.00344
0.002806
0.002542
0.005592
0.002656
0.003798
0.003904
0.002942
0.002223
0.002092
0.0031
0.004759
0.005076
0.003217
0.002972
0.003874
0.003755
0.005013
0.002679
0.003552
0.003895
0.003052
0.003621
0.002698
0.004384
0.003196
0.00355
0.003807
0.003166
0.003032
0.00469
0.002105
0.0026
0.003935
0.003198
0.004287
0.004214
0.002936
0.002395
0.002538
0.00314
0.003703
0.003105
0.003501
0.002991
0.002373
0.002784
0.003829
0.004241
0.002198
0.003502
0.006166
0.003205
0.003766
0.004003
0.002482
0.003094
0.004047
0.002399
0.003022
0.002611
0.003562
0.003923
0.002425
0.005223
0.003062
0.002273
0.00258
0.003557
0.002547
0.003374
0.003855
0.003066
0.00237
0.002835
0.003025
0.003719
0.003042
0.002498
0.002568
0.003116
0.003131
0.005817
0.003157
0.002935
0.003806
0.003372
0.002615
0.003363
0.004493
0.002913
0.003069
0.00301
0.002879
0.002858
0.002643
0.003314
0.00323
0.002848
0.003917
0.002514
0.005309
0.004257
0.002487
0.003438
0.003329
0.003787
0.003551
0.002975
0.002791
0.002895
0.002982
0.004364
0.003034
0.002559
0.003066
0.003301
0.002598
0.004642
0.003097
0.003488
0.004027
0.002863
0.003016
0.002459
0.003907
0.003195
0.002952
0.003244
0.003557
0.003898
0.002497
0.003565
0.003006
0.003234
0.003793
0.003619
0.002952
0.004012
0.003435
0.002315
0.003908
0.003786
0.002974
0.003002
0.003228
0.00362
0.002161
0.005875
0.002699
0.00341
0.002566
0.002557
0.003286
0.003264
0.002749
0.002414
0.003119
0.004278
0.003287
0.003638
0.002839
0.003341
0.004098
0.003604
0.002846
0.008667
0.003292
0.004027
0.003454
0.003136
0.003381
0.003458
0.003009
0.003539
0.003361
0.002536
0.004215
0.003851
0.002758
0.004912
0.004295
0.002856
0.005443
0.00363
0.003901
0.003236
0.003242
0.003535
0.004046
0.002445
0.00337
0.002179
0.003769
0.003461
0.002954
0.002821
0.002954
0.002917
0.002862
0.003001
0.002646
0.002792
0.002759
0.002466
0.003078
0.002422
0.003156
0.002858
0.00377
0.00387
0.002783
0.002492
0.002102
0.002986
0.002356
0.00318
0.003043
0.004367
0.004842
0.003264
0.003236
0.003112
0.004232
0.002686
0.002071
0.002003
0.002658
0.004329
0.002813
0.002648
0.004186
0.003124
0.002665
0.003357
0.0031
0.002843
0.003641
0.002758
0.003955
0.002486
0.0022
0.004105
0.002918
0.002979
0.003675
0.002282
0.003082
0.00293
0.004114
0.002342
0.00297
0.004023
0.002783
0.003339
0.002913
0.002869
0.004584
0.004052
0.004616
0.004033
0.002732
0.004414
0.004139
0.002911
0.002639
0.003974
0.0039
0.005947
0.004826
0.002669
0.002886
0.002224
0.003004
0.002686
0.005782
0.003854
0.002727
0.002844
0.00282
0.003747
0.002704
0.002811
0.002561
0.004968
0.002991
0.003514
0.003192
0.002778
0.003137
0.002369
0.004212
0.004041
0.004939
0.004293
0.002775
0.004347
0.002885
0.003307
0.003142
0.002207
0.003749
0.003402
0.002929
0.004135
0.002265
0.003059
0.003002
0.003267
0.002475
0.003722
0.003141
0.003551
0.003132
0.003518
0.005126
0.002932
0.002847
0.003353
0.002609
0.00324
0.002189
0.002561
0.003078
0.002475
0.00328
0.003474
0.004587
0.00225
0.003743
0.002804
0.005734
0.002658
0.003976
0.002895
0.00366
0.002746
0.002724
0.003419
0.003555
0.003682
0.002525
0.004259
0.004346
0.002541
0.003001
0.00361
0.002637
0.002911
0.002346
0.004182
0.002628
0.003551
0.002321
0.003312
0.002935
0.002886
0.00247
0.003329
0.002518
0.003224
0.002908
0.002386
0.00311
0.002721
0.002989
0.00287
0.002199
0.004572
0.002346
0.004623
0.003091
0.002338
0.002717
0.00415
0.002966
0.003336
0.003023
0.002179
0.003137
0.003837
0.002392
0.003996
0.002505
0.002599
0.003206
0.003239
0.002799
0.003228
0.002365
0.004264
0.002717
0.002612
0.002581
0.00283
0.002714
0.002694
0.002874
0.00358
0.002677
0.003114
0.003026
0.003025
0.00316
0.002398
0.003167
0.003434
0.002677
0.002846
0.002793
0.003162
0.00325
0.003688
0.002603
0.004752
0.002162
0.002597
0.003505
0.003804
0.003686
0.003605
0.002972
0.002447
0.002946
0.003475
0.00288
0.003045
0.002882
0.002052
0.003273
0.003927
0.002551
0.003027
0.002344
0.002655
0.002934
0.003535
0.003753
0.003641
0.004386
0.002218
0.003784
0.002332
0.003015
0.002429
0.003952
0.002835
0.004593
0.003967
0.00342
0.002433
0.002337
0.002871
0.004012
0.00297
0.002389
0.003452
0.002537
0.002363
0.004552
0.002622
0.002524
0.002851
0.002394
0.004369
0.002575
0.003758
0.003907
0.004235
0.00259
0.003795
0.002061
0.003248
0.00276
0.003777
0.002359
0.002845
0.00234
0.002415
0.003127
0.003258
0.004014
0.002629
0.006614
0.003108
0.002365
0.002976
0.002701
0.00361
0.003946
0.004348
0.004002
0.004775
0.003498
0.003979
0.003807
0.002945
0.002941
0.004259
0.004515
0.003726
0.003799
0.003796
0.003829
0.003158
0.003865
0.005286
0.002498
0.004114
0.003778
0.002893
0.003863
0.00279
0.004066
0.002893
0.002617
0.003877
0.003127
0.003017
0.003353
0.003215
0.002978
0.002222
0.002388
0.003135
0.002578
0.002168
0.004602
0.004085
0.002676
0.004055
0.003014
0.002851
0.00429
0.003514
0.003469
0.003896
0.003163
0.002656
0.003461
0.003414
0.002949
0.003035
0.002157
0.00312
0.002735
0.003539
0.004078
0.002823
0.003756
0.005427
0.002744
0.003434
0.00281
0.002716
0.003491
0.002301
0.003397
0.002815
0.003694
0.002577
0.005509
0.002239
0.003189
0.005413
0.003609
0.002282
0.00214
0.005536
0.005602
0.00246
0.003654
0.003184
0.002788
0.003341
0.002704
0.004189
0.002722
0.002597
0.002418
0.002894
0.002529
0.003232
0.002777
0.003517
0.003112
0.003029
0.004277
0.003482
0.004236
0.00215
0.002712
0.002869
0.004252
0.003154
0.002649
0.00286
0.003328
0.005357
0.002678
0.002527
0.002709
0.002555
0.002091
0.002914
0.00368
0.003442
0.003277
0.002362
0.003125
0.002714
0.002621
0.004114
0.002516
0.002894
0.002626
0.002273
0.003233
0.002826
0.002437
0.003379
0.003044
0.002649
0.002607
0.003578
0.003418
0.002377
0.00384
0.003198
0.002907
0.002727
0.002772
0.003558
0.002689
0.004007
0.002744
0.003348
0.004348
0.002941
0.003612
0.003215
0.00284
0.00357
0.003016
0.003178
0.003015
0.002147
0.002543
0.002368
0.002262
0.003013
0.003249
0.002732
0.003052
0.003423
0.003445
0.003728
0.003176
0.003262
0.002583
0.003565
0.003057
0.002728
0.002515
0.003562
0.003114
0.003403
0.002518
0.002877
0.003207
0.002735
0.004592
0.002677
0.002391
0.002748
0.002974
0.00362
0.002576
0.003765
0.002806
0.003879
0.003924
0.003097
0.003267
0.004709
0.002793
0.002881
0.003542
0.002976
0.002463
0.002657
0.002852
0.002584
0.003485
0.003174
0.003334
0.002956
0.002583
0.002633
0.002167
0.002853
0.002571
0.002536
0.00223
0.00368
0.002721
0.002638
0.002359
0.004791
0.002818
0.004379
0.002866
0.002581
0.003117
0.003034
0.002334
0.002524
0.003037
0.002231
0.003601
0.005065
0.002759
0.002604
0.00218
0.003279
0.003538
0.002847
0.003572
0.002175
0.003806
0.003751
0.003092
0.002952
0.003012
0.004462
0.003725
0.003836
0.002726
0.002382
0.004254
0.004045
0.004814
0.002926
0.003627
0.003006
0.002953
0.004405
0.002557
0.004843
0.003737
0.003261
0.002929
0.003293
0.004728
0.00425
0.003492
0.003101
0.002278
0.003323
0.00215
0.00375
0.003479
0.003334
0.002867
0.002712
0.003344
0.002919
0.002619
0.00337
0.003071
0.003664
0.003359
0.003563
0.003296
0.002822
0.004601
0.002666
0.003143
0.003677
0.003119
0.00238
0.003491
0.00327
0.003919
0.003408
0.002517
0.003122
0.004478
0.003064
0.003485
0.005339
0.002616
0.002691
0.002803
0.003823
0.003894
0.002785
0.002817
0.002688
0.002544
0.003222
0.004191
0.003874
0.002415
0.002604
0.002395
0.003586
0.00326
0.002504
0.005578
0.003152
0.002427
0.002625
0.003086
0.002162
0.003148
0.002323
0.003375
0.003124
0.004457
0.002802
0.002562
0.002659
0.00377
0.003418
0.002819
0.002178
0.002911
0.002567
0.00214
0.002241
0.002624
0.003254
0.003463
0.003277
0.002623
0.002326
0.003177
0.00469
0.002915
0.005044
0.005023
0.003585
0.002682
0.002393
0.004222
0.002722
0.003031
0.003187
0.00456
0.00335
0.003092
0.002767
0.004191
0.002402
0.0041
0.003541
0.0035
0.003166
0.002403
0.004231
0.002831
0.003142
0.003408
0.004105
0.003532
0.005626
0.002605
0.004508
0.002439
0.002167
0.002947
0.0035
0.003633
0.003069
0.003529
0.002917
0.002815
0.0036
0.002733
0.002821
0.003844
0.00326
0.00272
0.003367
0.002872
0.003301
0.003435
0.002119
0.003238
0.002145
0.002311
0.003948
0.003129
0.002335
0.003366
0.003574
0.002751
0.002762
0.002171
0.002704
0.003889
0.003388
0.00288
0.004422
0.004516
0.002864
0.002748
0.002944
0.004633
0.002809
0.003126
0.003715
0.003633
0.003849
0.002673
0.003362
0.003151
0.003706
0.004447
0.002479
0.002748
0.004715
0.004203
0.003332
0.002338
0.002285
0.002745
0.00326
0.003913
0.00294
0.004811
0.002907
0.002877
0.00356
0.003324
0.002489
0.004153
0.002933
0.002656
0.004735
0.002575
0.003153
0.003091
0.007564
0.004165
0.002491
0.002293
0.002093
0.002664
0.003161
0.003478
0.003349
0.003388
0.003639
0.002786
0.002389
0.003188
0.002521
0.003277
0.003758
0.003353
0.002551
0.004574
0.003567
0.003096
0.003503
0.003641
0.003791
0.002725
0.003233
0.003155
0.004443
0.00387
0.003495
0.003276
0.002623
0.00482
0.003453
0.0036
0.003706
0.004078
0.003145
0.003178
0.002808
0.002416
0.004108
0.003123
0.002289
0.003307
0.005788
0.003185
0.002129
0.003518
0.002888
0.002468
0.004395
0.004451
0.003164
0.002907
0.003762
0.002716
0.004229
0.002522
0.002815
0.003852
0.003603
0.003487
0.004514
0.002812
0.003817
0.002875
0.003341
0.00365
0.002753
0.002521
0.002855
0.003534
0.003111
0.002824
0.004438
0.00305
0.00399
0.002593
0.002707
0.002871
0.002429
0.004197
0.003668
0.002354
0.002297
0.002667
0.003186
0.003589
0.002491
0.002534
0.003618
0.004539
0.003116
0.004069
0.002955
0.002587
0.003544
0.003472
0.003
0.004122
0.003981
0.002221
0.002541
0.003111
0.003677
0.002268
0.002514
0.002318
0.002518
0.00256
0.002098
0.002372
0.00294
0.003633
0.002686
0.004456
0.002912
0.003404
0.002456
0.003125
0.002777
0.002592
0.003263
0.005458
0.002515
0.003101
0.003237
0.002848
0.006208
0.003232
0.00522
0.004543
0.007391
0.005212
0.003872
0.006576
0.003824
0.003547
0.00379
0.004137
0.003211
0.003882
0.003431
0.002467
0.004255
0.00288
0.002393
0.003577
0.004705
0.002309
0.003807
0.0027
0.003015
0.002997
0.00341
0.002708
0.002667
0.004338
0.00371
0.002869
0.003451
0.003324
0.003427
0.002262
0.002547
0.002726
0.00249
0.003754
0.003036
0.003432
0.003374
0.002665
0.003112
0.003191
0.002424
0.00465
0.003727
0.003139
0.002267
0.003109
0.004646
0.004168
0.004504
0.003241
0.002764
0.003713
0.003037
0.003037
0.003245
0.003536
0.002791
0.002884
0.00286
0.00434
0.004245
0.002685
0.005023
0.002795
0.004593
0.004095
0.00325
0.003452
0.003187
0.003617
0.002555
0.00425
0.002265
0.002101
0.003097
0.00316
0.004065
0.003307
0.002467
0.003377
0.00346
0.003164
0.005089
0.002662
0.002793
0.003241
0.00329
0.004207
0.002951
0.003839
0.003218
0.007608
0.00464
0.002261
0.002313
0.003424
0.002378
0.003133
0.003756
0.007703
0.002479
0.002707
0.002586
0.002462
0.003979
0.003725
0.003321
0.002834
0.003627
0.003187
0.002989
0.002923
0.003076
0.002315
0.006833
0.00228
0.004592
0.003408
0.00319
0.002413
0.003431
0.003374
0.00416
0.003077
0.003448
0.002406
0.003449
0.003231
0.00343
0.002327
0.003756
0.003464
0.003266
0.002785
0.003999
0.004635
0.002416
0.003746
0.003357
0.00272
0.00424
0.003408
0.00445
0.002565
0.002448
0.003663
0.002359
0.002818
0.00458
0.003439
0.002393
0.003476
0.002754
0.003409
0.002556
0.003878
0.002374
0.003557
0.002135
0.005135
0.003531
0.003332
0.00236
0.002627
0.002059
0.002614
0.002648
0.003049
0.002713
0.00224
0.003598
0.00225
0.003754
0.002422
0.002499
0.003052
0.003076
0.002389
0.004042
0.002919
0.002733
0.002804
0.006747
0.003898
0.005354
0.00308
0.003689
0.002772
0.003528
0.004179
0.003005
0.004062
0.002749
0.004286
0.002305
0.002192
0.002533
0.003825
0.003958
0.002792
0.003288
0.003976
0.002987
0.00316
0.002083
0.003206
0.00267
0.003994
0.002795
0.002713
0.002642
0.004647
0.003721
0.003956
0.002789
0.002347
0.003121
0.00413
0.002996
0.002896
0.00308
0.003168
0.003295
0.004036
0.003133
0.002363
0.004073
0.003266
0.003809
0.002982
0.003483
0.003711
0.004567
0.003847
0.003284
0.003567
0.003357
0.002776
0.002183
0.002722
0.003555
0.002739
0.00317
0.003383
0.002758
0.00223
0.003682
0.003207
0.004286
0.003285
0.003643
0.004133
0.003451
0.003093
0.00384
0.002277
0.002515
0.00361
0.003729
0.002974
0.003134
0.004469
0.003018
0.004784
0.002348
0.003112
0.0023
0.002622
0.002812
0.002969
0.002436
0.002923
0.002861
0.002838
0.002779
0.002471
0.002381
0.003443
0.002798
0.003701
0.00645
0.002543
0.003609
0.002146
0.003742
0.003657
0.003614
0.002362
0.00337
0.003633
0.003365
0.003843
0.002174
0.002993
0.003637
0.003772
0.00294
0.00284
0.003144
0.003171
0.002313
0.002442
0.002563
0.005163
0.003078
0.002587
0.00308
0.002682
0.002594
0.003223
0.002945
0.00291
0.002944
0.002949
0.003356
0.003603
0.003379
0.003481
0.002824
0.004548
0.002967
0.003124
0.003663
0.002373
0.002813
0.003039
0.002572
0.00429
0.002976
0.003115
0.002852
0.003045
0.003664
0.002897
0.003482
0.004074
0.002514
0.002416
0.005422
0.003165
0.002945
0.004339
0.004073
0.00294
0.003594
0.003066
0.003537
0.003264
0.003654
0.002147
0.002918
0.002952
0.00339
0.002507
0.003298
0.00278
0.003227
0.002954
0.002848
0.002274
0.002521
0.002817
0.003509
0.003077
0.003972
0.003439
0.00392
0.002219
0.002294
0.002823
0.002523
0.003587
0.002862
0.00328
0.002606
0.002761
0.004379
0.004236
0.002782
0.00503
0.002701
0.002653
0.002733
0.003354
0.002558
0.005585
0.002627
0.002423
0.003029
0.003012
0.003941
0.003632
0.003529
0.002709
0.002164
0.003039
0.002825
0.006506
0.003631
0.003882
0.002681
0.002753
0.003114
0.002556
0.0034
0.0037
0.00299
0.003551
0.002688
0.00223
0.002217
0.003605
0.004065
0.003304
0.003097
0.003362
0.003522
0.003134
0.002749
0.003403
0.003445
0.00311
0.003954
0.002758
0.002223
0.004572
0.003125
0.005895
0.002421
0.003662
0.002641
0.004369
0.002308
0.003325
0.0033
0.003331
0.003818
0.003137
0.003017
0.003943
0.00234
0.002815
0.005249
0.005079
0.00254
0.002649
0.00433
0.003819
0.003599
0.002397
0.003191
0.00378
0.003088
0.002384
0.002879
0.003314
0.00393
0.00265
0.002315
0.003461
0.002514
0.002892
0.002891
0.002927
0.003164
0.002541
0.004726
0.003857
0.002932
0.002852
0.002292
0.00583
0.002886
0.002886
0.002556
0.002225
0.003103
0.004301
0.004149
0.002931
0.003059
0.00282
0.002598
0.004041
0.002623
0.003499
0.002183
0.002786
0.002731
0.002247
0.003668
0.00303
0.00332
0.003204
0.00345
0.003373
0.003236
0.002674
0.003764
0.003619
0.004332
0.002913
0.004908
0.003999
0.003045
0.004205
0.003056
0.003591
0.003542
0.003307
0.003329
0.002528
0.002588
0.002439
0.002696
0.002466
0.003005
0.004103
0.005209
0.002982
0.002492
0.00342
0.002722
0.003203
0.003195
0.003121
0.00294
0.00332
0.00223
0.002768
0.0036
0.002592
0.007289
0.002805
0.002775
0.002683
0.004077
0.003177
0.004758
0.003079
0.004672
0.003263
0.005172
0.003178
0.003097
0.002974
0.0049
0.00287
0.002834
0.003073
0.003171
0.002798
0.003205
0.00313
0.002696
0.002099
0.004115
0.002739
0.006618
0.003013
0.008436
0.002563
0.00262
0.003978
0.00351
0.003217
0.003232
0.002472
0.003189
0.003013
0.003281
0.00441
0.003701
0.003051
0.003072
0.002273
0.002228
0.002289
0.007326
0.003574
0.002496
0.003286
0.003928
0.002899
0.003756
0.004141
0.003627
0.004196
0.002458
0.006071
0.002357
0.002912
0.002247
0.00282
0.003353
0.003375
0.00304
0.005361
0.002752
0.003201
0.003573
0.002507
0.002805
0.002602
0.002474
0.002584
0.005958
0.002824
0.004022
0.003052
0.002863
0.004389
0.003521
0.002702
0.003303
0.003097
0.002095
0.003341
0.003302
0.005717
0.004201
0.003208
0.002887
0.002974
0.002945
0.003184
0.004698
0.00256
0.002391
0.002727
0.003267
0.003077
0.0038
0.003894
0.002222
0.003004
0.002635
0.002917
0.00335
0.003515
0.00326
0.004062
0.002831
0.003184
0.004512
0.005202
0.003209
0.002968
0.004252
0.002196
0.002136
0.003118
0.003285
0.002811
0.004712
0.002296
0.002436
0.003338
0.004367
0.004649
0.002802
0.004848
0.004641
0.004523
0.00536
0.007011
0.002115
0.003026
0.003128
0.003358
0.002535
0.005047
0.002759
0.002792
0.002687
0.002917
0.002382
0.005683
0.004748
0.003272
0.002476
0.003195
0.004083
0.00282
0.002173
0.003196
0.004813
0.002181
0.002561
0.002955
0.00239
0.002997
0.003738
0.002126
0.003375
0.00292
0.003345
0.003319
0.002991
0.00298
0.004111
0.00474
0.003104
0.002937
0.002957
0.002779
0.003472
0.003759
0.002704
0.002883
0.002545
0.003401
0.004139
0.002209
0.003172
0.004179
0.003164
0.003106
0.00475
0.00216
0.003346
0.003279
0.002534
0.003501
0.00353
0.003358
0.002677
0.002902
0.003411
0.003219
0.002872
0.002584
0.003036
0.003521
0.003364
0.004777
0.003706
0.004229
0.002836
0.003188
0.004799
0.002746
0.003423
0.003026
0.004121
0.003275
0.002926
0.003666
0.003013
0.003316
0.003603
0.002577
0.003287
0.003402
0.005334
0.005996
0.002651
0.002681
0.002574
0.002768
0.002151
0.002116
0.003875
0.002407
0.002593
0.004895
0.003318
0.002555
0.003784
0.002265
0.002738
0.002193
0.003711
0.00267
0.003207
0.003584
0.004768
0.00368
0.005451
0.002112
0.006293
0.003716
0.00397
0.004364
0.002602
0.002526
0.003619
0.003263
0.004185
0.004369
0.003004
0.002496
0.00292
0.002996
0.002577
0.00256
0.002467
0.004873
0.002692
0.00454
0.003638
0.004407
0.002547
0.004068
0.002668
0.003642
0.002327
0.006262
0.003761
0.003165
0.002273
0.003607
0.003065
0.002704
0.003161
0.00288
0.002558
0.004289
0.003881
0.002669
0.003897
0.003517
0.002732
0.002652
0.00326
0.002577
0.002736
0.002711
0.003111
0.003475
0.003593
0.004218
0.00314
0.005378
0.002694
0.002516
0.003488
0.004365
0.002405
0.003403
0.002514
0.002887
0.002304
0.00271
0.003774
0.002628
0.003213
0.002661
0.002138
0.002566
0.002696
0.00275
0.003018
0.002511
0.00406
0.003438
0.002264
0.002713
0.004944
0.004592
0.004381
0.0029
0.002544
0.003386
0.002761
0.00252
0.002641
0.004309
0.002719
0.002271
0.003799
0.00254
0.004977
0.002294
0.003182
0.002433
0.003463
0.00317
0.002322
0.002202
0.002557
0.002936
0.003277
0.005202
0.002752
0.003388
0.003319
0.003019
0.002334
0.002527
0.003343
0.002198
0.003204
0.002876
0.004591
0.003026
0.002324
0.003892
0.004098
0.00346
0.002957
0.003384
0.002562
0.002956
0.002626
0.003026
0.003249
0.002088
0.002724
0.002721
0.003929
0.004364
0.002842
0.002369
0.004201
0.002903
0.002654
0.003286
0.003124
0.003186
0.002624
0.003712
0.003543
0.004131
0.002932
0.004069
0.004073
0.003873
0.004752
0.002453
0.004009
0.002246
0.003043
0.002855
0.003792
0.002838
0.003066
0.002951
0.003677
0.00225
0.003451
0.002694
0.003135
0.005589
0.002481
0.005481
0.0037
0.002708
0.005119
0.002897
0.003323
0.009155
0.002856
0.004998
0.002873
0.003453
0.002177
0.003116
0.006118
0.0025
0.003992
0.005616
0.002289
0.003154
0.002661
0.002982
0.002609
0.002936
0.002793
0.003392
0.003159
0.003445
0.003284
0.003744
0.00259
0.00279
0.002801
0.004675
0.002404
0.002475
0.002251
0.004374
0.002535
0.003291
0.00315
0.002791
0.002777
0.004812
0.00315
0.00252
0.003076
0.003408
0.003594
0.003839
0.003055
0.003881
0.004283
0.004764
0.00394
0.002474
0.002421
0.003233
0.002984
0.004768
0.003348
0.004703
0.003641
0.002916
0.004552
0.002169
0.003383
0.003431
0.003076
0.002313
0.003074
0.00277
0.003207
0.003327
0.002407
0.002566
0.002811
0.002993
0.004428
0.002979
0.002432
0.003791
0.003092
0.00289
0.003895
0.002444
0.003552
0.003467
0.003547
0.004165
0.004
0.00251
0.002828
0.00246
0.002461
0.00346
0.002617
0.004476
0.002559
0.004085
0.002824
0.003294
0.003213
0.002931
0.002693
0.002688
0.003425
0.003786
0.005259
0.002937
0.004038
0.00244
0.002796
0.00343
0.003173
0.003434
0.003874
0.002774
0.002404
0.002323
0.004204
0.004233
0.003556
0.002236
0.002638
0.00529
0.003108
0.003697
0.003354
0.0028
0.003973
0.003116
0.002977
0.003105
0.002284
0.002927
0.002275
0.003121
0.005819
0.002859
0.002938
0.004141
0.002654
0.002527
0.002577
0.002454
0.00442
0.002968
0.004095
0.004092
0.002471
0.003775
0.003238
0.00287
0.003342
0.003452
0.003098
0.002953
0.004616
0.004044
0.002677
0.002809
0.002811
0.003251
0.003109
0.00298
0.003559
0.002561
0.00416
0.00348
0.002727
0.002465
0.003084
0.002495
0.002821
0.003688
0.003407
0.004276
0.00333
0.004135
0.004303
0.004523
0.003998
0.00224
0.004054
0.00263
0.003806
0.00476
0.002544
0.00285
0.002318
0.003064
0.003493
0.002809
0.004735
0.002556
0.004339
0.003975
0.002342
0.002937
0.002646
0.002524
0.003868
0.002798
0.002197
0.003156
0.0042
0.002313
0.003058
0.002461
0.005198
0.003502
0.002439
0.0021
0.003985
0.002393
0.003196
0.007085
0.003243
0.005248
0.002634
0.003632
0.003867
0.002547
0.0038
0.003539
0.002986
0.002572
0.002751
0.003028
0.002628
0.003027
0.003046
0.004728
0.00578
0.003342
0.003942
0.003508
0.002937
0.003115
0.003337
0.002687
0.004206
0.002896
0.002903
0.003146
0.00433
0.004233
0.003077
0.003404
0.003497
0.003853
0.002631
0.003771
0.003603
0.003309
0.002453
0.003226
0.00246
0.002713
0.003962
0.003457
0.002784
0.002811
0.002926
0.00287
0.00408
0.002922
0.002757
0.002574
0.00275
0.002482
0.003214
0.002489
0.003916
0.00392
0.008031
0.003368
0.002168
0.002803
0.003438
0.004183
0.003752
0.004427
0.002668
0.003035
0.003193
0.004733
0.003235
0.002479
0.002685
0.003848
0.003443
0.003398
0.003873
0.00338
0.004157
0.003432
0.003047
0.002842
0.003756
0.003318
0.002696
0.002341
0.002483
0.002889
0.003595
0.004071
0.003241
0.002909
0.002692
0.004812
0.003532
0.002156
0.003787
0.002597
0.004345
0.003103
0.002654
0.003839
0.003615
0.002776
0.003915
0.002374
0.00293
0.004114
0.004698
0.00278
0.002818
0.003998
0.004457
0.003181
0.003007
0.004099
0.003587
0.003556
0.002717
0.002254
0.002734
0.002835
0.002772
0.002626
0.00326
0.002496
0.004091
0.002189
0.003644
0.002882
0.002565
0.002565
0.004227
0.002677
0.003249
0.003594
0.003195
0.002966
0.004239
0.002513
0.003272
0.003814
0.004524
0.002823
0.002819
0.002443
0.002952
0.003454
0.00278
0.006059
0.003421
0.00243
0.002081
0.002854
0.00262
0.002627
0.003543
0.002611
0.003525
0.002337
0.00377
0.00296
0.002635
0.002248
0.002593
0.002486
0.004812
0.003259
0.003164
0.002556
0.004546
0.003832
0.002735
0.00261
0.002482
0.003874
0.003224
0.0045
0.002912
0.003318
0.002318
0.002915
0.003389
0.003652
0.003888
0.00284
0.002759
0.003879
0.003007
0.00296
0.004292
0.003528
0.003227
0.003648
0.003032
0.002893
0.004637
0.002884
0.002985
0.002949
0.003042
0.003098
0.002679
0.003917
0.003109
0.002441
0.003024
0.003646
0.003385
0.002557
0.002448
0.003148
0.00497
0.003494
0.002479
0.005033
0.003133
0.003288
0.00378
0.003575
0.003068
0.00324
0.004976
0.002859
0.003065
0.002837
0.003435
0.003711
0.003296
0.002972
0.002387
0.0033
0.002859
0.003107
0.003976
0.002747
0.005244
0.002626
0.002574
0.002511
0.003966
0.002791
0.002188
0.002504
0.00238
0.002042
0.002893
0.003129
0.003213
0.004235
0.003698
0.00399
0.003604
0.003368
0.002966
0.002456
0.004398
0.003729
0.003064
0.002267
0.003749
0.002374
0.002922
0.003651
0.003671
0.002045
0.002177
0.002423
0.00284
0.002717
0.002247
0.004659
0.003498
0.002933
0.004284
0.002578
0.002839
0.004712
0.002218
0.003036
0.002593
0.004138
0.003134
0.005051
0.00247
0.002413
0.003072
0.004476
0.003241
0.002622
0.002637
0.002788
0.002934
0.0024
0.003497
0.003217
0.002577
0.003348
0.002574
0.003307
0.002578
0.002973
0.003227
0.003005
0.004777
0.004765
0.00266
0.003339
0.003099
0.003285
0.003211
0.002661
0.002799
0.004267
0.00344
0.002903
0.003594
0.002232
0.003095
0.00443
0.002956
0.003464
0.003032
0.005332
0.003191
0.00438
0.002214
0.003019
0.003333
0.00339
0.003131
0.002589
0.002487
0.002867
0.002207
0.002944
0.00318
0.004471
0.002883
0.003831
0.003743
0.002887
0.006677
0.002991
0.002979
0.002317
0.002746
0.002667
0.003116
0.002493
0.004484
0.003123
0.002822
0.002893
0.002595
0.004279
0.002707
0.003625
0.004243
0.00421
0.002183
0.007342
0.003186
0.003112
0.002792
0.003158
0.003345
0.003486
0.003773
0.003795
0.002971
0.002568
0.002805
0.003547
0.00284
0.003338
0.002924
0.003261
0.003263
0.003141
0.003792
0.003636
0.002657
0.003019
0.003586
0.00347
0.002922
0.003882
0.003586
0.003505
0.002924
0.004852
0.003143
0.002684
0.004579
0.003718
0.002486
0.00254
0.002745
0.002843
0.003396
0.00424
0.003097
0.003508
0.003053
0.005751
0.00233
0.002526
0.002212
0.003596
0.002522
0.002658
0.002806
0.003546
0.003237
0.00286
0.002796
0.003416
0.003212
0.003193
0.002196
0.003603
0.002782
0.004542
0.003439
0.003816
0.005895
0.003369
0.002924
0.00378
0.005424
0.003932
0.003189
0.004597
0.00468
0.003674
0.003882
0.002629
0.003511
0.003179
0.004393
0.003714
0.002696
0.002096
0.004037
0.004405
0.003032
0.003763
0.004566
0.004201
0.00313
0.002553
0.003168
0.002447
0.002867
0.00254
0.004189
0.004376
0.002458
0.00274
0.003447
0.003726
0.002374
0.002877
0.003873
0.002395
0.002572
0.004707
0.002166
0.002719
0.002476
0.003627
0.003819
0.002426
0.003595
0.003256
0.002787
0.002182
0.0045
0.002186
0.002646
0.002996
0.002317
0.002312
0.004931
0.00494
0.00283
0.002675
0.002828
0.004951
0.002848
0.003263
0.002887
0.004449
0.002523
0.003063
0.002257
0.002821
0.002868
0.003127
0.002908
0.002238
0.003911
0.002414
0.003554
0.003353
0.003589
0.004878
0.002586
0.002513
0.002509
0.004288
0.004131
0.003637
0.002955
0.00213
0.003669
0.002446
0.003048
0.002589
0.003355
0.002918
0.002695
0.004332
0.002935
0.003365
0.004048
0.002939
0.002888
0.00294
0.004659
0.003004
0.003013
0.002711
0.002447
0.002576
0.003074
0.003414
0.003508
0.002742
0.003136
0.002522
0.004037
0.005644
0.002984
0.002489
0.002321
0.002401
0.003341
0.003793
0.002489
0.002267
0.002708
0.002316
0.00372
0.002273
0.003164
0.00264
0.002278
0.004689
0.003543
0.005283
0.002903
0.004524
0.004568
0.004306
0.002945
0.00387
0.002923
0.003039
0.002663
0.002224
0.0059
0.003125
0.009349
0.00432
0.005321
0.002615
0.002861
0.004508
0.003191
0.003988
0.003802
0.003279
0.003141
0.004299
0.002991
0.005581
0.003344
0.004222
0.002635
0.003402
0.003216
0.002774
0.003076
0.002691
0.004523
0.003505
0.009744
0.005628
0.002411
0.004138
0.004904
0.002224
0.003282
0.002626
0.002246
0.003116
0.003724
0.004354
0.003861
0.00382
0.002556
0.002788
0.002058
0.003212
0.003383
0.003695
0.003336
0.003243
0.005471
0.003352
0.003293
0.002882
0.003004
0.003297
0.002709
0.003081
0.002936
0.002484
0.003425
0.003105
0.003564
0.006396
0.003853
0.002387
0.00374
0.002414
0.002944
0.003082
0.002913
0.002908
0.002501
0.003612
0.003309
0.00259
0.003633
0.003142
0.002857
0.004403
0.005059
0.003964
0.00443
0.003116
0.00282
0.003148
0.002308
0.00476
0.003521
0.00261
0.002871
0.002212
0.00437
0.003982
0.002043
0.00326
0.003647
0.002766
0.002977
0.002848
0.002479
0.002775
0.002847
0.002443
0.004201
0.003014
0.002361
0.003539
0.003403
0.003407
0.002472
0.003962
0.003126
0.003714
0.003973
0.00282
0.004153
0.003243
0.002575
0.003733
0.003162
0.002143
0.003714
0.003347
0.002421
0.002728
0.002742
0.003098
0.003232
0.003019
0.003717
0.002377
0.003804
0.002655
0.003276
0.004157
0.002448
0.002338
0.003017
0.003547
0.003463
0.002997
0.004522
0.002951
0.003194
0.002757
0.002391
0.00328
0.004372
0.003842
0.003307
0.003575
0.002555
0.00381
0.003149
0.00322
0.002829
0.002661
0.002497
0.002288
0.002727
0.002852
0.002925
0.002952
0.002729
0.005211
0.00262
0.003617
0.003425
0.00305
0.002618
0.002628
0.003646
0.002421
0.002902
0.002754
0.00413
0.003719
0.005272
0.003398
0.003441
0.003446
0.002257
0.003715
0.002902
0.003257
0.002582
0.003055
0.003249
0.002422
0.003279
0.003329
0.00346
0.002303
0.002344
0.003239
0.002896
0.00449
0.002366
0.002557
0.004886
0.003016
0.003129
0.002224
0.002547
0.002268
0.003196
0.003181
0.002993
0.004151
0.003306
0.00298
0.004174
0.005005
0.003235
0.003083
0.002624
0.003264
0.002553
0.002406
0.003108
0.002912
0.003099
0.004587
0.002755
0.0037
0.002653
0.002136
0.003077
0.004242
0.003366
0.003914
0.002715
0.003616
0.002618
0.003139
0.00259
0.003067
0.002475
0.003006
0.002751
0.002409
0.002639
0.003011
0.004211
0.003002
0.00325
0.002957
0.002768
0.002387
0.002551
0.003672
0.00279
0.002613
0.00252
0.004195
0.003856
0.002773
0.002719
0.002966
0.005709
0.0027
0.003347
0.004339
0.002967
0.002879
0.004484
0.003891
0.00461
0.003119
0.002889
0.002571
0.002139
0.002861
0.002761
0.00441
0.002432
0.002624
0.003008
0.002314
0.003514
0.002911
0.004222
0.002626
0.002921
0.002837
0.004546
0.004375
0.003033
0.004226
0.002123
0.00266
0.002775
0.00341
0.002857
0.003226
0.003728
0.003207
0.003245
0.002496
0.002736
0.003553
0.002285
0.003764
0.00316
0.002715
0.002689
0.002833
0.003872
0.00226
0.003213
0.004284
0.002572
0.002389
0.003235
0.003945
0.002403
0.002908
0.002702
0.002942
0.002947
0.005171
0.003055
0.00397
0.005087
0.003796
0.003772
0.002918
0.003035
0.00382
0.004313
0.004181
0.003818
0.003109
0.002405
0.005696
0.002414
0.002734
0.002755
0.003042
0.002382
0.003248
0.002955
0.002866
0.002758
0.004057
0.004568
0.00295
0.002866
0.003542
0.005011
0.005934
0.003019
0.004028
0.002175
0.002581
0.00296
0.002714
0.002537
0.003806
0.002695
0.002763
0.002559
0.00249
0.002662
0.00279
0.00277
0.002475
0.005092
0.004562
0.002108
0.005709
0.006306
0.004207
0.002538
0.003187
0.004043
0.002425
0.005833
0.003502
0.003345
0.003578
0.00346
0.002969
0.002812
0.003317
0.003286
0.00334
0.004502
0.003652
0.002222
0.003167
0.002794
0.003014
0.002599
0.004389
0.002834
0.004635
0.003775
0.002841
0.002338
0.002421
0.002878
0.003016
0.002857
0.002115
0.003867
0.00251
0.003039
0.002847
0.002637
0.003702
0.003648
0.003669
0.0039
0.003642
0.00331
0.003181
0.003333
0.004999
0.002885
0.005018
0.003009
0.003581
0.002794
0.002608
0.003374
0.002566
0.005092
0.003098
0.003375
0.003526
0.002876
0.003458
0.002334
0.002482
0.00415
0.00259
0.002471
0.002839
0.003701
0.002243
0.00228
0.00322
0.003577
0.003457
0.003902
0.002681
0.004708
0.002412
0.002488
0.004854
0.004141
0.004188
0.002819
0.003114
0.002356
0.002956
0.003614
0.004006
0.002632
0.002608
0.003628
0.003071
0.004167
0.002632
0.002659
0.002429
0.005111
0.005259
0.005139
0.004139
0.002496
0.002968
0.00483
0.003747
0.003276
0.003965
0.006252
0.005537
0.003606
0.005207
0.003305
0.005586
0.002711
0.003331
0.003113
0.006443
0.003287
0.006312
0.004231
0.003971
0.003173
0.003039
0.004192
0.006149
0.002744
0.005215
0.003623
0.002939
0.005468
0.005026
0.002941
0.002553
0.003116
0.003325
0.006451
0.002609
0.00327
0.002421
0.003244
0.003934
0.003672
0.00271
0.002325
0.004069
0.003303
0.005461
0.00366
0.004564
0.002627
0.006045
0.004136
0.003498
0.004644
0.003111
0.003513
0.006137
0.003177
0.003602
0.008561
0.004982
0.004362
0.002453
0.003502
0.003463
0.003221
0.002976
0.006348
0.002986
0.003137
0.005422
0.003088
0.003795
0.002635
0.005594
0.002574
0.002712
0.002577
0.006242
0.003909
0.004563
0.003548
0.00485
0.002874
0.004082
0.004265
0.003582
0.005969
0.004919
0.006728
0.003776
0.0033
0.002377
0.004012
0.003388
0.003575
0.003478
0.0038
0.002721
0.003125
0.004136
0.00284
0.005503
0.00563
0.003875
0.00221
0.00251
0.002571
0.002594
0.003482
0.002555
0.003145
0.002684
0.003722
0.005313
0.002775
0.002691
0.002169
0.002225
0.004339
0.003726
0.003703
0.002924
0.003096
0.004478
0.003107
0.003094
0.003421
0.003243
0.002509
0.002865
0.002533
0.003783
0.003082
0.002553
0.003395
0.006616
0.00214
0.002659
0.002951
0.003004
0.002479
0.003501
0.003195
0.003078
0.003324
0.002873
0.00386
0.002672
0.003232
0.003024
0.003118
0.002889
0.005052
0.003191
0.002271
0.00491
0.002839
0.004335
0.003656
0.00299
0.002867
0.002481
0.003398
0.005344
0.003535
0.002627
0.003548
0.004181
0.003513
0.003321
0.002086
0.002674
0.003041
0.004395
0.003415
0.002444
0.004134
0.007374
0.003117
0.003239
0.003417
0.003642
0.007722
0.003901
0.002808
0.003411
0.002467
0.002683
0.002454
0.002319
0.003195
0.004602
0.002979
0.00312
0.003278
0.002725
0.003084
0.003961
0.003081
0.003436
0.004348
0.003626
0.002885
0.004188
0.002247
0.002376
0.002805
0.0039
0.003266
0.003086
0.002567
0.002681
0.002917
0.003845
0.00345
0.003064
0.002869
0.002314
0.002034
0.002251
0.002167
0.002889
0.002469
0.003118
0.002419
0.003258
0.002389
0.003501
0.004735
0.002852
0.002588
0.002579
0.002647
0.003741
0.003113
0.002192
0.005743
0.002442
0.00269
0.00292
0.003113
0.002691
0.002286
0.003409
0.002754
0.002965
0.0039
0.004006
0.003197
0.003021
0.002188
0.003975
0.004375
0.002932
0.004501
0.002965
0.002168
0.002023
0.003209
0.003448
0.003029
0.002971
0.00317
0.002702
0.002548
0.002273
0.003388
0.004659
0.002125
0.002967
0.003201
0.003415
0.004575
0.002786
0.003242
0.003283
0.004133
0.002602
0.003998
0.003372
0.004943
0.002769
0.002517
0.002792
0.004057
0.004179
0.002993
0.003376
0.00453
0.004967
0.003845
0.00323
0.003271
0.002344
0.002571
0.003334
0.00259
0.002426
0.002382
0.003199
0.004941
0.002844
0.004403
0.002481
0.003394
0.003116
0.003002
0.003268
0.002892
0.002713
0.005077
0.002281
0.002566
0.004824
0.002472
0.006798
0.004893
0.002633
0.002849
0.002557
0.002425
0.004407
0.003743
0.003598
0.002834
0.002343
0.002826
0.002243
0.003587
0.003062
0.003125
0.003297
0.002597
0.002545
0.00316
0.003294
0.002727
0.002319
0.00225
0.002958
0.003518
0.005498
0.004163
0.00813
0.00279
0.004931
0.003388
0.004331
0.004074
0.004932
0.004506
0.003813
0.003661
0.002641
0.003426
0.003065
0.003817
0.003554
0.003773
0.003111
0.005491
0.005093
0.003453
0.003021
0.002874
0.003579
0.004164
0.003092
0.005591
0.004603
0.003437
0.002517
0.005717
0.003333
0.003866
0.002165
0.003204
0.004171
0.002482
0.002809
0.003339
0.004366
0.002465
0.002342
0.00234
0.004454
0.002921
0.003196
0.002616
0.002486
0.002416
0.003121
0.002327
0.002421
0.002649
0.005174
0.003882
0.003454
0.002741
0.004349
0.002292
0.003563
0.002635
0.002772
0.002886
0.004348
0.004702
0.003792
0.002567
0.002855
0.004135
0.003644
0.002684
0.004085
0.002501
0.004234
0.004117
0.003833
0.003333
0.003627
0.004743
0.004695
0.003448
0.002867
0.002938
0.002789
0.002658
0.004963
0.002281
0.002547
0.004343
0.00456
0.00555
0.006732
0.017297
0.006367
0.007609
0.00361
0.002945
0.004761
0.003431
0.002719
0.002848
0.003315
0.003021
0.002819
0.004134
0.003999
0.003717
0.003022
0.00356
0.003028
0.002936
0.004571
0.002752
0.004637
0.003086
0.003655
0.005192
0.004043
0.00377
0.00317
0.002444
0.002238
0.003939
0.003351
0.002616
0.00388
0.004057
0.002599
0.003214
0.00315
0.002569
0.003098
0.003482
0.003912
0.002727
0.002877
0.003711
0.002905
0.002634
0.002866
0.003294
0.003898
0.004273
0.003934
0.004707
0.002945
0.002897
0.004116
0.004548
0.003644
0.002791
0.003263
0.003572
0.002879
0.003368
0.003603
0.004765
0.005734
0.003156
0.003034
0.004606
0.004434
0.003171
0.005743
0.008085
0.003754
0.005249
0.002646
0.005035
0.003601
0.006566
0.004267
0.002574
0.006572
0.008397
0.002407
0.004575
0.004823
0.002973
0.003974
0.003472
0.003516
0.004373
0.003358
0.006064
0.004566
0.002455
0.014103
0.004144
0.005619
0.004347
0.003055
0.002705
0.003611
0.003805
0.004335
0.004387
0.006982
0.003845
0.005014
0.013954
0.002818
0.004052
0.003827
0.004927
0.004713
0.005101
0.003798
0.004127
0.00284
0.00317
0.003308
0.003824
0.002747
0.002371
0.002659
0.007779
0.003298
0.00353
0.007004
0.003434
0.002714
0.004007
0.004588
0.003395
0.004767
0.003511
0.00706
0.003575
0.005438
0.003298
0.003328
0.004872
0.002985
0.003975
0.006328
0.003159
0.003039
0.005259
0.003527
0.003562
0.002665
0.002436
0.003398
0.005629
0.00459
0.003252
0.003977
0.003723
0.004769
0.002926
0.00396
0.0078
0.004061
0.002835
0.004416
0.004328
0.004041
0.004694
0.003414
0.00727
0.004034
0.003723
0.003041
0.003175
0.003406
0.002884
0.004185
0.003967
0.004706
0.003009
0.004062
0.002759
0.003484
0.003938
0.003395
0.005134
0.002825
0.007439
0.00577
0.00317
0.003526
0.003552
0.004694
0.004954
0.003299
0.003869
0.002968
0.003718
0.003644
0.002827
0.007951
0.006144
0.003983
0.003694
0.004141
0.002402
0.003832
0.003778
0.003593
0.003566
0.003618
0.007715
0.002627
0.003788
0.003609
0.002932
0.00346
0.004213
0.00528
0.002913
0.00468
0.006255
0.009216
0.002845
0.002614
0.004545
0.002846
0.003491
0.005448
0.003655
0.002904
0.012424
0.003205
0.007927
0.005002
0.005771
0.003341
0.004622
0.003728
0.002963
0.003393
0.002651
0.004465
0.002631
0.003429
0.004042
0.002257
0.005552
0.003209
0.003729
0.003256
0.003156
0.008588
0.006461
0.003183
0.006718
0.002462
0.002995
0.003299
0.00361
0.004695
0.009298
0.003132
0.003688
0.004746
0.003676
0.003305
0.003925
0.003016
0.004648
0.005917
0.005618
0.003238
0.004718
0.002946
0.005426
0.003172
0.007259
0.003524
0.012357
0.003466
0.002718
0.009221
0.002701
0.003922
0.004796
0.003699
0.003622
0.005193
0.002942
0.004013
0.002814
0.004465
0.004709
0.006491
0.004161
0.00469
0.005236
0.003172
0.003555
0.007325
0.005701
0.003089
0.003314
0.003499
0.005775
0.002281
0.003958
0.00294
0.003453
0.002816
0.002996
0.005454
0.004791
0.014538
0.004858
0.002491
0.003627
0.006514
0.004118
0.004891
0.004421
0.009162
0.003475
0.002597
0.007204
0.003138
0.004827
0.002888
0.003894
0.005667
0.004047
0.003481
0.003194
0.005062
0.005704
0.004957
0.004839
0.009003
0.00532
0.005202
0.002305
0.003796
0.00298
0.003227
0.003054
0.004884
0.003733
0.005872
0.004098
0.003606
0.004371
0.004106
0.003458
0.004101
0.003856
0.003066
0.003852
0.005732
0.003535
0.002373
0.00266
0.009363
0.004576
0.00344
0.002646
0.009484
0.002692
0.003122
0.004185
0.003511
0.006528
0.003339
0.004252
0.005578
0.003745
0.004072
0.003767
0.002339
0.0108
0.004326
0.003138
0.002712
0.002423
0.00298
0.00528
0.00489
0.007573
0.004544
0.004114
0.005023
0.004129
0.003581
0.003878
0.002389
0.004453
0.006037
0.002932
0.003692
0.005305
0.003483
0.004641
0.003058
0.005348
0.002327
0.004513
0.008101
0.002989
0.003994
0.004111
0.003012
0.00466
0.007254
0.003348
0.008853
0.005056
0.003283
0.004876
0.002606
0.002957
0.00341
0.003019
0.002722
0.004003
0.005098
0.002217
0.00373
0.003002
0.005709
0.003146
0.002994
0.003028
0.004279
0.003923
0.004601
0.005799
0.004933
0.00589
0.003065
0.002782
0.003175
0.006638
0.002864
0.003591
0.003471
0.006024
0.003698
0.012492
0.005045
0.003628
0.006392
0.003655
0.011445
0.002213
0.003634
0.002901
0.004005
0.004024
0.005423
0.003049
0.002541
0.004132
0.003766
0.005572
0.003438
0.003938
0.002689
0.003255
0.002868
0.003744
0.003455
0.004061
0.002815
0.00521
0.004264
0.00342
0.003869
0.005092
0.003242
0.003582
0.00459
0.002997
0.004155
0.003031
0.005232
0.003036
0.002441
0.00395
0.004182
0.005168
0.003611
0.007353
0.004721
0.004179
0.004036
0.002648
0.004436
0.003141
0.002508
0.003013
0.017712
0.002614
0.003059
0.002613
0.00381
0.003811
0.004075
0.002581
0.002418
0.003276
0.003984
0.002922
0.002874
0.005809
0.004068
0.003254
0.002313
0.003836
0.002983
0.010389
0.002902
0.003725
0.003389
0.003968
0.003848
0.002878
0.003226
0.004222
0.006457
0.003975
0.003513
0.002405
0.004812
0.002912
0.002862
0.009024
0.002829
0.004217
0.003463
0.004363
0.003275
0.01047
0.004832
0.003613
0.003106
0.007441
0.002949
0.005511
0.004181
0.002946
0.003848
0.003746
0.002989
0.004682
0.003099
0.004247
0.003386
0.002673
0.002609
0.003174
0.004366
0.003399
0.004688
0.002725
0.007234
0.005828
0.003639
0.002929
0.004371
0.005732
0.008639
0.002913
0.005947
0.004607
0.00527
0.004737
0.003448
0.003821
0.016304
0.003699
0.003743
0.007525
0.002535
0.002688
0.004663
0.002704
0.007769
0.003682
0.004471
0.006899
0.002956
0.003365
0.003048
0.002394
0.004279
0.011116
0.008361
0.007553
0.003484
0.003337
0.003052
0.004413
0.004409
0.004139
0.00344
0.007624
0.004088
0.004163
0.002731
0.010732
0.003128
0.004566
0.002837
0.002987
0.003142
0.003399
0.003547
0.004596
0.005559
0.003546
0.003764
0.004894
0.003944
0.007889
0.003585
0.005277
0.004286
0.003554
0.002939
0.004756
0.003181
0.003119
0.003251
0.006475
0.002502
0.005037
0.002495
0.003255
0.004865
0.005882
0.003306
0.002562
0.006357
0.003264
0.00315
0.004301
0.004828
0.007582
0.003804
0.006333
0.004776
0.002941
0.003889
0.005127
0.002909
0.003659
0.003488
0.003114
0.006653
0.005989
0.005434
0.005619
0.005692
0.003098
0.005024
0.004453
0.003813
0.003193
0.005826
0.002568
0.003924
0.007676
0.005084
0.010825
0.003032
0.003644
0.00473
0.00284
0.004052
0.003885
0.003556
0.00281
0.011341
0.003219
0.002827
0.003503
0.004742
0.002964
0.003452
0.003721
0.002392
0.003569
0.002482
0.002921
0.002688
0.004404
0.005125
0.005781
0.002986
0.00418
0.007254
0.003969
0.004192
0.002988
0.004147
0.002858
0.003698
0.005086
0.003648
0.004214
0.003489
0.006957
0.002659
0.002909
0.004677
0.004938
0.009491
0.003785
0.004206
0.009279
0.003954
0.004211
0.004754
0.004937
0.004033
0.002611
0.003126
0.002432
0.003346
0.003439
0.003997
0.002891
0.004179
0.002067
0.003162
0.005892
0.002799
0.004786
0.003243
0.005649
0.00291
0.00333
0.003338
0.003074
0.002267
0.00894
0.004751
0.002966
0.003207
0.002874
0.003723
0.005975
0.002488
0.00524
0.005396
0.002631
0.003032
0.005029
0.003196
0.003781
0.004877
0.004071
0.003259
0.003576
0.005811
0.00247
0.00716
0.003559
0.003507
0.007273
0.003162
0.00375
0.002702
0.004856
0.004399
0.003015
0.003324
0.005788
0.004218
0.005868
0.006541
0.003776
0.003013
0.003248
0.002993
0.002913
0.004818
0.003948
0.00696
0.003698
0.006748
0.002934
0.003154
0.002201
0.002984
0.00337
0.003832
0.003226
0.002993
0.003423
0.003435
0.005756
0.010082
0.004307
0.004232
0.003714
0.006058
0.009915
0.00303
0.003605
0.009301
0.003405
0.00329
0.004187
0.003104
0.003089
0.004676
0.003203
0.002763
0.002714
0.003108
0.007666
0.002588
0.00411
0.007755
0.003403
0.002393
0.003907
0.00474
0.003997
0.003134
0.006339
0.004189
0.00246
0.002701
0.006369
0.004402
0.005068
0.006063
0.005094
0.006375
0.011588
0.002951
0.003597
0.003306
0.003798
0.002695
0.006075
0.004297
0.005455
0.003506
0.002627
0.004435
0.003772
0.002985
0.002565
0.005758
0.003571
0.002805
0.002402
0.007261
0.00394
0.00256
0.00329
0.01334
0.003602
0.004552
0.003059
0.008086
0.002744
0.003398
0.002388
0.002872
0.003767
0.002749
0.006294
0.004974
0.004317
0.002579
0.002508
0.008089
0.004466
0.005534
0.004509
0.00326
0.008352
0.004863
0.006528
0.004715
0.005339
0.003241
0.003546
0.003294
0.002205
0.002606
0.003302
0.003986
0.002806
0.003516
0.003042
0.003814
0.003494
0.006609
0.004363
0.009071
0.003416
0.007273
0.003062
0.00708
0.004001
0.004211
0.003473
0.003912
0.003538
0.003182
0.002445
0.005946
0.016041
0.009339
0.004061
0.00281
0.00497
0.004333
0.002307
0.003949
0.003297
0.006287
0.011633
0.003457
0.002749
0.003707
0.005756
0.003151
0.003609
0.010297
0.002826
0.004015
0.004299
0.00434
0.003386
0.00331
0.00258
0.003009
0.002482
0.003797
0.00295
0.003487
0.003316
0.005466
0.005846
0.004394
0.002336
0.006665
0.004514
0.002922
0.003443
0.003033
0.005965
0.00324
0.003252
0.004139
0.005741
0.016361
0.00294
0.004626
0.00575
0.004874
0.003498
0.004182
0.005845
0.003938
0.002793
0.003365
0.002892
0.002763
0.005243
0.002601
0.004063
0.003482
0.003277
0.004591
0.006912
0.004735
0.004838
0.00323
0.004069
0.003472
0.006967
0.002979
0.004024
0.00474
0.011439
0.004506
0.003606
0.005256
0.005513
0.006872
0.003804
0.002914
0.003761
0.002255
0.003746
0.003621
0.002882
0.006154
0.011058
0.00307
0.004024
0.003588
0.003813
0.004054
0.003095
0.002613
0.002382
0.004193
0.003586
0.012049
0.003418
0.007175
0.00314
0.003807
0.003835
0.00358
0.004184
0.011025
0.002991
0.002832
0.007692
0.005514
0.003122
0.003131
0.003773
0.003709
0.004985
0.005649
0.003983
0.003412
0.003587
0.00347
0.007695
0.003941
0.003668
0.00383
0.003065
0.004178
0.003142
0.002984
0.003389
0.00496
0.004348
0.00318
0.002784
0.004392
0.004883
0.003275
0.005282
0.003202
0.003931
0.005251
0.011039
0.002124
0.003219
0.00695
0.004967
0.005907
0.003585
0.003104
0.003948
0.003966
0.003826
0.00321
0.005017
0.006111
0.004078
0.003267
0.008085
0.003442
0.00395
0.005613
0.006917
0.007472