
7.8278e-05
7.5293e-05
3.8511e-05
7.4774e-05
5.0487e-05
5.159e-05
4.4165e-05
5.212e-05
4.1563e-05
7.9058e-05
8.672e-05
5.577e-05
3.547e-05
5.7443e-05
5.5883e-05
5.6904e-05
6.2803e-05
0.000145348
6.0226e-05
7.3262e-05
4.4945e-05
2.8982e-05
3.4605e-05
5.3436e-05
4.7453e-05
4.0629e-05
5.1874e-05
5.7072e-05
4.8049e-05
2.9397e-05
6.332e-05
5.768e-05
4.9554e-05
6.0478e-05
3.7762e-05
8.8181e-05
3.077e-05
5.2012e-05
3.5786e-05
4.2992e-05
5.6821e-05
5.2751e-05
7.0923e-05
5.083e-05
0.000131748
4.3778e-05
3.3456e-05
3.5131e-05
5.4929e-05
0.000129102
4.8292e-05
7.0653e-05
3.2565e-05
8.9807e-05
5.668e-05
7.1855e-05
2.5392e-05
8.1385e-05
5.3582e-05
4.6671e-05
3.7064e-05
4.7934e-05
5.4239e-05
0.000114683
2.876e-05
5.7388e-05
7.6037e-05
5.2437e-05
4.2649e-05
5.6527e-05
6.5859e-05
6.6639e-05
4.9044e-05
7.8024e-05
2.5818e-05
5.1697e-05
5.8663e-05
3.4567e-05
5.1252e-05
5.6501e-05
5.1648e-05
3.5054e-05
3.4051e-05
5.0191e-05
7.0238e-05
3.9447e-05
3.7163e-05
3.7913e-05
0.000160924
2.9761e-05
5.2589e-05
5.6304e-05
3.4775e-05
6.4788e-05
3.7744e-05
2.5461e-05
7.4523e-05
2.259e-05
2.8676e-05
0.000147509
3.4013e-05
6.2567e-05
5.2198e-05
5.4492e-05
4.2585e-05
4.6544e-05
6.9197e-05
2.9212e-05
8.9886e-05
0.00010056
7.4336e-05
5.0792e-05
4.8214e-05
4.7238e-05
6.356e-05
6.6423e-05
3.1906e-05
7.406e-05
5.3791e-05
4.9587e-05
7.3227e-05
4.1811e-05
3.49e-05
3.0706e-05
7.7961e-05
7.215e-05
5.1625e-05
4.9144e-05
3.9678e-05
7.1879e-05
3.6073e-05
7.7709e-05
0.000113493
7.2982e-05
7.0368e-05
5.4439e-05
3.2106e-05
8.1695e-05
7.8028e-05
4.1256e-05
2.3933e-05
3.771e-05
3.8715e-05
2.6167e-05
5.3105e-05
7.2006e-05
7.0238e-05
8.3333e-05
6.5189e-05
8.8472e-05
4.6548e-05
2.8091e-05
3.1535e-05
6.6093e-05
8.9386e-05
6.7196e-05
5.8444e-05
5.2163e-05
7.4202e-05
4.2098e-05
2.8118e-05
0.000103717
5.6527e-05
3.7571e-05
7.8685e-05
5.9083e-05
6.6567e-05
7.3069e-05
0.000149228
3.6409e-05
3.7978e-05
6.7616e-05
5.614e-05
2.9918e-05
6.5603e-05
0.000132953
6.2555e-05
5.4603e-05
3.6894e-05
4.469e-05
3.8838e-05
5.1319e-05
7.4836e-05
8.8289e-05
3.2841e-05
5.3554e-05
4.6471e-05
2.969e-05
7.3975e-05
2.9331e-05
2.0321e-05
4.9545e-05
5.1253e-05
6.6709e-05
5.3569e-05
5.8258e-05
5.9137e-05
3.1468e-05
4.8529e-05
4.1798e-05
5.9456e-05
8.1231e-05
5.1896e-05
2.8001e-05
4.5438e-05
3.9504e-05
5.6043e-05
5.8562e-05
9.0589e-05
5.5863e-05
0.000209263
8.5087e-05
2.9412e-05
8.6519e-05
5.2904e-05
3.3973e-05
3.9169e-05
0.000103967
6.1537e-05
6.3532e-05
6.8988e-05
3.9824e-05
3.5455e-05
0.000121744
0.00013964
6.7535e-05
6.1206e-05
3.095e-05
4.1624e-05
5.5063e-05
8.5329e-05
3.3438e-05
5.7514e-05
6.7485e-05
2.7535e-05
3.7271e-05
3.7138e-05
4.5956e-05
5.7963e-05
3.9387e-05
2.6455e-05
2.9091e-05
3.5394e-05
3.9575e-05
3.3581e-05
6.4358e-05
6.2388e-05
5.499e-05
7.7257e-05
2.605e-05
0.000119003
5.299e-05
3.3785e-05
9.5653e-05
4.4411e-05
5.9874e-05
4.1643e-05
6.4999e-05
6.6326e-05
0.000255408
3.335e-05
0.000138739
3.486e-05
2.8522e-05
5.1096e-05
4.7134e-05
5.6529e-05
3.0424e-05
2.7183e-05
2.7352e-05
3.7242e-05
4.9851e-05
4.8924e-05
4.2629e-05
6.0309e-05
2.8323e-05
2.9505e-05
2.5822e-05
6.1447e-05
7.3558e-05
9.8011e-05
5.1628e-05
6.6648e-05
3.4975e-05
2.522e-05
5.0177e-05
8.3883e-05
5.6787e-05
7.7527e-05
8.0972e-05
2.6823e-05
6.8471e-05
4.7569e-05
6.2421e-05
4.825e-05
4.6207e-05
2.9337e-05
4.4901e-05
4.5726e-05
5.1662e-05
6.0386e-05
6.1321e-05
4.9379e-05
6.5098e-05
4.4395e-05
5.1137e-05
2.8128e-05
5.0056e-05
5.9106e-05
2.8835e-05
3.302e-05
9.3307e-05
5.3988e-05
2.6749e-05
6.4147e-05
2.5927e-05
3.4423e-05
5.2236e-05
7.3153e-05
6.617e-05
4.4397e-05
4.7627e-05
7.7709e-05
0.000232467
2.6392e-05
2.8252e-05
3.3133e-05
2.549e-05
3.1084e-05
4.7908e-05
4.3865e-05
3.1032e-05
4.4639e-05
6.8368e-05
5.6853e-05
4.2148e-05
3.9493e-05
4.9233e-05
2.5308e-05
5.7099e-05
4.8938e-05
2.7211e-05
4.4488e-05
6.5583e-05
9.1569e-05
7.5104e-05
4.7108e-05
9.0941e-05
3.4769e-05
5.1577e-05
0.00012254
3.2761e-05
4.3499e-05
3.0015e-05
4.7395e-05
2.5046e-05
4.8271e-05
3.7095e-05
4.9059e-05
5.289e-05
4.5077e-05
5.1346e-05
2.6114e-05
2.9683e-05
2.821e-05
4.6433e-05
3.1773e-05
3.5393e-05
4.7159e-05
4.8946e-05
2.8913e-05
4.99e-05
7.2773e-05
4.6082e-05
6.029e-05
6.852e-05
4.7642e-05
4.9148e-05
2.679e-05
5.9147e-05
3.0736e-05
2.5357e-05
7.5338e-05
3.7176e-05
3.1304e-05
2.8927e-05
3.6741e-05
2.7425e-05
9.633e-05
2.7999e-05
4.8536e-05
6.9195e-05
5.0548e-05
2.9643e-05
8.0849e-05
6.8253e-05
4.8171e-05
5.7453e-05
2.4341e-05
5.2361e-05
5.762e-05
1.9937e-05
6.4695e-05
2.7184e-05
2.6469e-05
5.0085e-05
3.48e-05
3.4551e-05
3.6068e-05
4.7028e-05
7.3086e-05
2.8783e-05
6.697e-05
4.618e-05
4.6063e-05
3.3465e-05
2.5997e-05
4.6846e-05
2.9993e-05
2.0901e-05
4.8613e-05
2.8801e-05
2.5233e-05
4.9133e-05
4.4272e-05
3.3522e-05
6.8384e-05
5.9549e-05
4.341e-05
3.6662e-05
8.6964e-05
3.5204e-05
4.5772e-05
2.6867e-05
2.8757e-05
2.4067e-05
2.8895e-05
6.1178e-05
4.7437e-05
7.4248e-05
3.1599e-05
4.4543e-05
3.8859e-05
4.5409e-05
5.272e-05
3.5729e-05
6.1972e-05
4.6343e-05
2.7914e-05
4.3456e-05
6.9487e-05
4.0836e-05
2.5296e-05
4.4911e-05
6.4032e-05
2.6272e-05
0.000111035
4.1095e-05
6.6947e-05
5.8636e-05
2.6953e-05
4.6525e-05
6.7571e-05
5.97e-05
5.7084e-05
4.1639e-05
2.6659e-05
4.0358e-05
7.0195e-05
2.7866e-05
6.6021e-05
2.8931e-05
5.1086e-05
5.0473e-05
0.000101261
7.4308e-05
5.6223e-05
3.3804e-05
4.8303e-05
4.6894e-05
6.0448e-05
4.5381e-05
2.72e-05
3.3368e-05
4.8723e-05
2.7313e-05
8.6237e-05
2.8855e-05
4.2301e-05
5.9451e-05
0.000101247
8.156e-05
9.9053e-05
6.1102e-05
4.8878e-05
2.4758e-05
6.4509e-05
3.3219e-05
5.0528e-05
5.8818e-05
7.9871e-05
7.7271e-05
0.000101971
7.4212e-05
5.9427e-05
0.000147375
6.0471e-05
7.2881e-05
5.8729e-05
4.93e-05
3.2381e-05
8.5333e-05
7.8168e-05
0.000105754
3.2782e-05
2.7679e-05
6.5309e-05
5.6816e-05
8.0781e-05
5.738e-05
9.7881e-05
0.0001094
8.2018e-05
7.9525e-05
3.1024e-05
4.6538e-05
8.232e-05
6.0764e-05
5.6798e-05
5.9073e-05
3.5001e-05
5.923e-05
6.0783e-05
2.9278e-05
0.000134999
4.0475e-05
4.4319e-05
3.5588e-05
6.0101e-05
5.0653e-05
3.6025e-05
2.5963e-05
5.2451e-05
4.9667e-05
6.2382e-05
4.5244e-05
3.3032e-05
4.1454e-05
5.286e-05
3.0067e-05
6.4711e-05
5.1511e-05
5.3386e-05
8.7741e-05
6.0763e-05
4.5937e-05
4.6195e-05
0.000141731
7.1445e-05
0.000111326
2.928e-05
5.8087e-05
3.7543e-05
5.7723e-05
0.000112929
6.7508e-05
5.1031e-05
7.1681e-05
5.0311e-05
4.8638e-05
5.0609e-05
5.9277e-05
6.9323e-05
5.3395e-05
3.1073e-05
5.8967e-05
5.9436e-05
6.5185e-05
3.5066e-05
2.759e-05
7.2647e-05
5.9855e-05
4.0324e-05
5.7833e-05
0.00015279